# Array shape: (3, 65, 65)
1.037236279584210141e-03,-9.147141582928520684e-03,6.278015356563213488e-03,1.208821968916500011e-02,7.677830506248883597e-04,2.726706066712731007e-03,-2.722778786360092670e-02,-1.306056126732991866e-02,-9.266745001652761105e-04,-3.114149491984501139e-02,-3.062420822387953295e-02,-1.311084265347539461e-02,5.709250313177110028e-03,3.707613200880354246e-03,1.106993724099262708e-02,2.819933665806274750e-04,6.046788175649885251e-03,6.030135506775631711e-03,-1.430009544619563900e-04,-1.420369117264448124e-02,9.932076635823748872e-04,2.039040918613460249e-03,1.383315594948329903e-02,-9.099733143348892259e-03,-2.851241252643938601e-02,3.417669707315319945e-03,5.093965031065051524e-02,4.438910946098582194e-02,2.628593548667980222e-03,-1.233283504564309380e-02,-3.243601020531121371e-02,-7.590493342975430935e-02,-1.610100822319994185e-01,-2.258485132373630466e-02,5.605800165526968887e-02,9.185409944712871755e-02,4.968639353335471687e-02,2.110805380814016752e-02,2.511534633898403895e-02,1.612082523790616881e-02,1.033949407142277857e-02,6.526427448921516940e-04,-1.110225521922935873e-02,-1.907728747348727549e-02,-1.336279902445204268e-02,-3.020531006333579752e-02,-9.684466561277806432e-03,2.677891755277915682e-03,-2.986155235765229708e-03,-1.958869754280753370e-02,-4.765052655532118348e-02,2.098043679898175043e-03,5.849587905659163478e-02,-3.262702185458687173e-03,6.288232210888206573e-03,1.564870906910175927e-02,-3.490734391961482913e-03,-4.775829191444342248e-04,1.064732242055495097e-02,-1.248025415592222270e-02,-4.142884261443269267e-03,1.644880874250577094e-02,2.789687509017173273e-02,3.126736567032078334e-02,1.037236279584210141e-03
-1.286920574382154677e-03,-1.580518769705429455e-02,-9.446199231887596540e-03,-1.416520336141396073e-03,-3.591873500310673300e-03,-2.623134860360572945e-02,-6.003588900459230424e-03,1.197166562831777394e-02,-6.808292681245532718e-03,-3.298957752288802364e-02,-7.284653660863169185e-03,-6.362227370388499198e-03,5.419348197460049227e-03,1.322220615965444789e-02,9.033516257291769602e-03,6.432281633650346366e-03,1.527094138359326968e-02,8.401466469152532590e-03,2.142978873543525953e-02,1.369097119948408520e-02,-2.679302564642430801e-02,-2.586960119992804015e-03,-8.535010293524245700e-03,-5.030659820344629725e-03,-1.114332744544216901e-02,-1.584651757249752558e-03,1.863818270319276410e-02,4.654052408398852425e-02,-5.203274940126190141e-04,-6.543800526060203002e-03,-2.359052631024754348e-02,-1.177683401205350047e-02,-1.996501753844153945e-02,-1.617175375319478831e-02,1.655132202057388313e-02,3.914358096928453878e-02,3.857921637441603241e-02,1.621667995397598969e-02,4.070980421893053564e-03,1.984379841735558949e-03,9.478385547558677848e-03,4.913375123471680136e-03,1.622567285152233096e-03,-8.843805629937031079e-03,-1.832319063585243976e-02,-1.219460164844595775e-02,-1.149894132355362870e-02,1.045738734561068618e-02,1.060284065766607534e-03,2.268416765768346832e-03,1.637678293292623224e-02,-9.413769656329158339e-03,9.815918044988434718e-03,-4.434502576868647357e-03,-2.492960769956176215e-02,1.207140824227111685e-02,1.417875551911738571e-02,-3.481278408554374336e-03,-2.311011029249685975e-03,1.281456712799690714e-02,1.658446524153581875e-02,1.123566181393619370e-02,1.514016478890630683e-03,-2.163759035257644802e-03,-1.286920574382154677e-03
-2.921034092162563042e-03,-1.716423721122712145e-02,-2.646238745261009218e-02,-1.160087083514763431e-02,-1.060614804616794200e-02,-6.687906155379478787e-03,1.198684907501757282e-02,-8.438837293092575631e-03,5.346944634428763173e-03,-9.005846319171010661e-04,-1.627441121684970390e-02,2.012304599786518110e-03,5.051539382658673701e-03,5.972471254773844412e-03,1.479568798131105159e-02,1.844704108674380654e-03,3.153450618484343842e-04,1.366667210416213155e-02,2.129467823778787711e-02,1.464961373473671474e-02,2.460161164349750594e-03,-3.381223682163911771e-03,-1.456755669621327340e-02,-5.136404041942111906e-03,-3.922791235598546006e-03,-5.356416236031299669e-04,6.730387641739108253e-04,1.242671473414358463e-02,2.132457427828828174e-04,-8.963327544636483582e-03,-4.244446506811427704e-03,-7.640615872328679250e-04,1.521000344775970056e-02,9.424434783113470535e-03,1.771838359347908173e-03,7.765392571431177851e-03,4.258700920770430200e-03,3.856126547404351099e-03,2.660630489980045886e-03,-6.111304542140571713e-03,-4.105582600770049033e-05,-7.728865283911126290e-04,-1.552585664005247043e-03,1.496756940960121147e-03,-5.407930433690558755e-04,-3.916644672177402656e-03,-1.014913668558229363e-02,-1.891235233434717311e-03,2.471797381375046357e-02,2.941011307980020625e-02,2.591288370582369577e-02,1.036556960452417360e-03,-7.969320573693390586e-02,-5.721058047846765832e-03,-2.298697737536844251e-03,-1.038705976467743826e-02,7.667953470321535979e-03,3.714624387847444836e-03,-3.294696318191776916e-03,-7.573618917951415054e-06,8.017540630057962484e-03,2.896891785242386701e-03,-5.041688219771421446e-03,2.492530505132456442e-03,-2.921034092162563042e-03
-2.569851109734520508e-02,1.041111828043974046e-03,3.666947852254056624e-05,-2.054608742624614449e-03,-2.918337750719742982e-02,1.987406686929155640e-03,-3.650526331931014216e-03,-7.250589591463479748e-03,1.555587433683502290e-03,2.595210931534601764e-02,5.275719827416881433e-03,-7.294130438036652321e-03,1.751209559124654227e-03,6.726131631923915315e-04,-6.001064290087868187e-05,2.051691152918486485e-03,8.646416450470987419e-03,6.060506011576311317e-03,1.005032827476722880e-02,1.837241253635805288e-02,9.901783057084769576e-04,-1.053157711578116100e-02,-1.163510224161854942e-02,-3.355718637758709280e-04,3.025384371511873408e-02,9.310459983458937213e-04,-2.669730149854815729e-02,-1.966280698010151873e-02,5.770155184517034366e-03,-9.439992776224369201e-04,-4.770861554382915706e-04,3.159836517437689661e-04,9.228361854544736217e-03,1.479664790940805885e-02,-1.505614386601265928e-03,6.205951007988345577e-03,2.854098704183102679e-03,-4.324523080928354551e-03,1.625716486819082582e-03,3.662926498427108123e-03,-8.940306607420470120e-03,-4.278441116978397470e-03,3.538804253179000762e-03,3.129987835018869461e-03,1.025640589484051735e-02,1.297751226472413180e-04,-7.691620802469784340e-04,-1.752424541391989221e-03,5.575439273550650623e-03,2.171718636816142786e-02,2.757355240257758008e-02,6.010836218638127004e-04,-9.454433295163098758e-03,-2.236135696163061778e-02,-3.386784037574214028e-04,-1.627473644006991772e-03,-8.631365010920025518e-03,-1.436978376629008923e-02,-1.324274783507999563e-02,-1.462104227811880132e-03,1.755832633107465681e-04,-1.411008948978162815e-03,1.969760795247826012e-03,-7.190009509395734605e-03,-2.569851109734520508e-02
9.690822629475116540e-04,7.665175209917326343e-03,-2.487372959390130554e-03,-2.032051374831297073e-03,1.114935207719276039e-02,-9.050714868199024460e-04,1.276020156848271781e-04,8.593421443019793118e-03,-6.312115428233564147e-03,-1.953304600224326296e-03,8.734724499696184738e-03,1.096389116627905468e-02,5.587583271297263433e-03,-2.036757515079441489e-03,-5.850012468303363673e-04,-7.320764676584050508e-03,4.544151889014944740e-03,7.897298261382879611e-04,1.100090750205937485e-03,4.567453867308518371e-03,-7.634644414628425670e-03,-1.988112801427226184e-02,-2.563617523391681363e-03,2.564759477860833331e-02,9.110268057339653003e-02,2.249509451350865605e-04,-8.386085801826906327e-02,-1.284160501267903390e-02,-2.231012826683916300e-03,-6.017011999119237708e-04,-5.177934959396780041e-04,2.558675443660112393e-03,1.357080349076065368e-02,2.961279055924296699e-03,-2.730313890443575482e-03,-4.172385634648133335e-03,5.058740074338779862e-03,3.838340938308925764e-03,3.093924486536603607e-04,3.849790852315575825e-03,-5.252771730375261836e-03,-1.972578652703807619e-04,1.528991093494096957e-03,1.781505617172536452e-03,1.370388552883961171e-02,3.346395791122368842e-03,-1.986927424679577840e-03,8.819493929647115663e-03,1.281358392524328295e-02,3.173252274106859450e-02,4.591299745930908088e-02,5.041591606255744172e-03,-3.050219429794666717e-02,-1.635109590214144440e-02,-4.369594307358745308e-03,-1.372158502018951814e-02,3.303119651083935549e-04,-3.226908464311914471e-02,-4.656523753196425280e-02,-7.320203089713097147e-03,1.936534291338733475e-03,-5.285656443046289014e-04,-2.482971674439593199e-02,-1.517401966603877488e-02,9.690822629475116540e-04
2.047575021752293112e-02,1.736945343389780308e-02,1.431772718277629294e-02,1.043021701567724800e-02,2.965760231167267544e-02,4.289675777243270351e-03,1.585723190049887973e-03,-2.849216727889223623e-03,-6.365139589290405228e-03,-2.023100694605700287e-02,-3.348043500589572598e-03,5.839129458731389007e-03,1.724728307734756799e-02,4.334968525131502326e-03,-1.188803352609507126e-03,-1.284740383969650273e-03,-4.023009675517406035e-03,-1.346098123405909406e-03,5.854843339815140826e-05,-7.918528319682008277e-04,-1.755720298550981703e-02,-1.137731111728838666e-02,4.552860988217132844e-03,2.049152555663754163e-02,4.057071187710694846e-03,-1.375417567924663170e-04,-6.335845997046347933e-03,-1.263904960245630725e-04,-6.914240058134663199e-03,-1.370034261426299345e-04,-5.822758471635918615e-03,6.220499128628958173e-03,5.304191225999681193e-04,5.213365019974464977e-03,7.924440029133297380e-04,-6.316170379655592845e-03,-2.379120780001947339e-03,9.771917396462834540e-03,1.357970760665942571e-02,5.471675131634111226e-03,2.662527834322074571e-03,-9.368867932240497595e-04,4.910240427518398898e-04,-1.010951001408630324e-03,-1.919591584178154424e-03,-2.740144969584485529e-03,1.201288489700936060e-02,1.888322965777784052e-02,7.611508867491612734e-03,1.193816870781577895e-02,9.109171676674744991e-03,3.607156502837095130e-02,1.954524214048630401e-02,-8.922172018157422529e-03,-2.875486126427029970e-02,-2.763232891424574275e-02,-6.162148092763321955e-02,-5.812227471216260127e-02,1.636790084963288261e-02,2.038623452401022284e-03,2.052083939613788804e-03,3.345974977186242771e-03,-3.055585480975692853e-02,-1.810591849262762135e-02,2.047575021752293112e-02
2.052957034749381543e-02,2.575513378140393758e-02,2.975628490201264256e-02,3.308388186152052407e-02,2.496660888475265433e-02,-5.195134515375606464e-03,-2.218456350010806349e-02,-3.967108935170735561e-03,-2.444875962576034678e-02,-1.391087100752778048e-02,-3.887786616616323385e-03,5.529336886099939230e-03,7.502435870946962994e-03,6.850091211970418641e-03,2.808499692498103890e-03,2.223694863453484077e-03,-1.602650832819484984e-03,-3.140059930476440941e-02,-3.233737729279152675e-03,-1.339156576779203592e-03,-1.531796289359867343e-02,-1.364565079449299011e-03,1.733235536404287595e-03,-1.909697562920329621e-03,-2.038702718586885357e-02,-4.023056557681149205e-03,3.942219276006962009e-02,1.081255935569799950e-03,4.581763877501835065e-03,-5.305713528730532542e-03,-5.475673336894261315e-04,-6.182954140015762927e-03,-7.916822159119875704e-03,-3.213067710807448931e-03,6.862061526704236677e-03,9.843092222047383419e-03,4.506389160369730592e-04,2.364140581335528145e-03,1.707594125234587062e-02,1.960801878033037460e-02,9.957608458135665860e-04,-9.746418972748020770e-03,-6.085645001003617098e-03,-1.360216645182017812e-04,-2.327608901449446099e-02,2.770735025732391776e-03,1.817933331686203899e-02,-6.925844673295983647e-03,9.472867729480414709e-03,1.976024584418762525e-02,6.911340011669704457e-03,1.238328233077575988e-02,1.460111500753611541e-02,-2.426420873734198315e-04,-2.506971278543762213e-02,-1.197904405907705278e-01,-1.144707354901621510e-01,2.923034095447372277e-02,5.404031902406256777e-02,2.339944862248723167e-02,3.567299420479663145e-03,-3.000447713121316348e-02,-1.539056661334401756e-02,-3.971712752684536732e-03,2.052957034749381543e-02
-9.099957284679213027e-03,-1.829379058294358608e-03,-3.672196932885466434e-04,2.641404461862725470e-02,1.939311551286355961e-02,2.270044532133551340e-03,-3.561039004889381826e-02,-7.531232277711805492e-03,-7.384645787073443324e-03,-3.256602019397442094e-02,-1.807203655690024779e-02,2.369717689968057345e-02,1.673111919813790802e-02,-5.021130999570499022e-04,1.767646867765131123e-03,2.099602187407398790e-04,3.949507458079391797e-03,1.102631371536505304e-03,-2.194262783563159791e-02,-2.432245987499818268e-02,-1.363397724777968591e-02,-3.146015753757065020e-02,7.929601015861379582e-03,3.367768315755456654e-03,-7.540542240834321357e-04,1.264624417038538728e-02,5.331537277805852015e-03,-1.986234136038850673e-03,8.451603613988310088e-03,2.772509010845795006e-03,-1.609874800150239539e-03,-1.592021899211145883e-02,-1.896580821178501380e-02,-4.655085270285198515e-03,1.408912481213846386e-02,1.585001846343483262e-02,1.728072578708780491e-02,2.477809494830184294e-03,6.062326118831201649e-03,1.133305477363531245e-02,-2.310367776367174344e-03,-3.403104272124977264e-02,-8.466959102594059580e-03,-7.329855775049663909e-04,6.203905945680435500e-05,2.672634434276251799e-03,-3.469875302228463826e-02,-7.848980478756756654e-03,2.581365602928245573e-02,3.424781400802382608e-02,1.826943268821640959e-02,1.376989765144725000e-02,5.282773079682681616e-03,-9.151792890836344535e-03,-7.588173687371843612e-02,-2.425254172314600387e-02,4.032998678861379749e-03,4.999107833997109250e-03,3.086335093976216859e-02,3.261015799656297176e-02,-3.981593178070189087e-04,6.786386250310231030e-03,7.584411140504590705e-03,1.547533774755320904e-03,-9.099957284679213027e-03
-2.083101655907598770e-02,-1.815253891839196249e-02,-2.343675294513448276e-03,1.149165894933554428e-02,1.437953102932942005e-02,1.706554521431977774e-03,-1.195706532010649015e-03,-1.408659030546698283e-02,-8.707226069215957820e-03,-8.337150081133958696e-03,-9.573506705414982360e-03,5.274058390593949416e-03,-7.973330707141615056e-03,6.751624720676077532e-04,5.379390842321188013e-03,1.303045288310956951e-02,2.861937660479446904e-03,-2.116868239213819374e-03,-2.369097195585592990e-03,-8.333331375029010696e-03,-2.124078461081374200e-02,-4.105841847946083145e-02,4.177920589087450592e-03,1.184981800397769472e-02,1.350738597333908230e-03,7.582695895151457706e-03,3.346360373632539884e-03,-3.813148353163201953e-03,4.321656188666393923e-04,1.256128759073194510e-02,-5.970140121561340503e-04,-4.249283141601459257e-03,-2.901184827284714052e-02,-7.895984289880449494e-03,1.287184778414962941e-02,1.166757807983037284e-02,6.937751601979481701e-03,6.482572789739711591e-04,1.167365710869733590e-03,2.533827457461514197e-03,-2.099939210983633661e-03,-2.698000480822190534e-03,-1.926884079351243867e-02,-1.215827135674350497e-03,2.870152451215294675e-03,-2.715221102504018422e-02,-5.629963643752625840e-03,-1.190652463610536275e-02,1.621420221804910008e-02,3.174778352086635863e-02,8.276043702495629664e-03,-1.435531580076960948e-03,-7.656084952370399190e-03,-4.690288519457240166e-03,1.774868737409312841e-03,1.647272504200087686e-03,-1.308753964285467241e-04,1.159646113361417936e-02,3.771202597008486979e-02,5.658299089270143328e-02,9.982845466946823829e-03,6.423854464549565916e-05,3.231275369468443286e-03,-5.924685765604775604e-03,-2.083101655907598770e-02
-1.609755679632874845e-02,-1.467721430199521622e-02,8.078606738482464744e-03,-1.133912564979887251e-03,6.271841277187796375e-03,1.487802673394106323e-02,4.377074682337617727e-03,-7.181459811055759292e-03,-8.485183065163716745e-03,3.532605841155332747e-03,1.335586554419570518e-03,-2.428120947039494673e-02,-1.382571897124668103e-02,5.154181803696989903e-03,-9.398868483143218576e-05,1.912194931349374752e-02,2.639848825328955026e-02,-1.032397121628714589e-04,-2.232123046242312850e-03,-4.499085953198127090e-03,2.028311543176413443e-04,6.182469055906320704e-03,-3.324707375110293878e-02,-1.270342534134596447e-02,-1.679455737748358117e-03,3.605195038870469184e-03,3.650042094171600682e-03,1.493515168884012407e-03,-4.094135314651353740e-04,1.091896017954128821e-02,2.155185989762392704e-03,1.631366294787258168e-03,1.713581153987889759e-03,-3.674529333263224038e-03,-5.875059669906358001e-03,-6.321033584001481929e-03,-5.467890703753001611e-03,5.357551165008647915e-04,-1.407645903996052224e-02,-1.159167113012526430e-02,6.004587714245265828e-03,1.790544563197666791e-02,-1.229953158303147710e-03,-3.426007987383207704e-05,-7.679509600076989996e-03,7.103671327938156001e-04,4.934443428746763081e-03,-1.970474093866510581e-02,1.714151958492998035e-02,1.491394812894701431e-02,-1.371318448136662387e-03,-2.686911469130730604e-02,-4.241092877882138984e-02,2.039878965289676840e-02,1.564915640044928918e-02,5.075169409144705346e-04,1.289139183514175641e-02,7.381328362398026019e-03,2.082888307042515819e-02,8.262866932010880586e-03,3.300129306750274657e-03,-1.209035149984998524e-02,-5.455372715639530924e-04,-9.050240626594708605e-04,-1.609755679632874845e-02
-8.544732138796929440e-04,-3.038217909416340151e-02,1.046972682389157167e-02,1.580121776886958193e-02,-3.485209298776045968e-03,2.363137578463623059e-02,3.981787560201080489e-03,-2.059933714909144981e-02,-2.278120475932357992e-03,1.541896265057378368e-02,6.405536158821101972e-03,-2.864734124879666360e-02,-1.639974324870607444e-02,-3.367996180533649499e-03,-5.190368323573238407e-03,-1.778272784747614646e-02,-1.930478585897944539e-03,5.465070284828689451e-02,1.822023691883426985e-02,7.953631759704251833e-03,1.806648409135430677e-02,2.091290444044077018e-02,-2.798458463430797405e-02,-3.427220768102985649e-02,-7.410885837008868333e-03,-1.226050443762076274e-02,8.682761836542802689e-03,1.890007136308979527e-02,7.972641375440123960e-05,8.608883589122331330e-04,1.618934351207413150e-02,1.681522038898536700e-02,3.059494619777885366e-02,-6.229216922572802968e-03,-3.668292443902551603e-02,-2.646610223488408270e-02,-1.652591053574287844e-02,-1.189565972021027103e-03,-8.843024225100568070e-03,-3.562583380398884336e-02,3.959511558593193162e-03,2.502491343582811251e-02,1.404994415398069275e-02,-4.434195841407768371e-04,7.489700413500470369e-04,1.522082799047829588e-02,2.223222323437029982e-02,7.845652005664835449e-02,-1.373664346514449431e-03,-5.559759968602569213e-02,-5.562795023374126485e-02,-2.503182850190296266e-02,7.272286791255197849e-03,-1.097844097689357895e-02,5.054585358795582982e-03,-2.656545201416194877e-04,8.746146252374591493e-03,2.974272418459303347e-02,-4.729964961619009811e-03,-3.915041935527308059e-02,-1.716616925765768317e-03,1.967841518405242726e-02,7.945562865210278186e-03,5.609235080748298848e-05,-8.544732138796929440e-04
-3.032595152679587631e-03,1.587181814636368137e-03,3.912980766667416982e-03,2.571737501138286405e-03,-1.234302632157877055e-02,-6.016700373874153684e-03,4.537439263819440134e-03,-5.706115974261218027e-03,6.359751776784017610e-03,3.810809750568692773e-03,-1.970090559214951876e-04,-2.324041276352714624e-02,-1.458956810064818317e-02,-1.560537697260192674e-02,-1.261767114008425020e-02,-5.341422512903580902e-03,-4.882488301042830353e-03,1.997537615552909263e-02,4.157739847139794304e-02,2.126308549117476160e-02,3.393998153416764602e-03,3.357630325198598855e-03,-2.795858142250354748e-03,-2.076503044105549103e-02,-3.906658047412712303e-02,-1.950294949114897989e-03,3.477203788888586292e-03,1.456924679151479565e-02,9.778409776379422616e-03,1.432943357666544980e-04,2.065955177346754171e-02,2.510431100575491112e-02,8.793106005095871827e-03,9.520107040466674157e-04,-1.594761769148593175e-02,-6.039433739192189704e-02,-1.633702368586527343e-02,-1.422335106273110369e-02,-1.980265335860684466e-03,5.685646467778757499e-04,2.524414138395280477e-03,7.810068843210389404e-03,5.439664139869874668e-03,-3.227075317866313713e-04,4.367556863067350095e-03,2.291841403957460901e-02,8.584952351108159074e-02,1.315077506671361030e-01,2.099961838637062587e-03,-1.366770845455624606e-01,-9.386698578100967361e-02,-2.746985761008894494e-02,2.327675235829893777e-03,1.259590523867935158e-02,1.363434866581388853e-03,1.436703092288948817e-02,1.077927286281682787e-02,-7.535779012876172613e-03,-2.571753072150689476e-02,-1.849221029736739311e-02,-8.235831797900022844e-03,8.253471511241599473e-03,1.272973419797542374e-02,4.529965386780364194e-03,-3.032595152679587631e-03
1.869465187814711021e-02,6.616175030190935002e-02,9.392151980498464326e-05,-1.369564728559500601e-02,-1.486265837012917812e-02,-1.984087345691944518e-02,-4.799266990823540351e-03,1.820067169404610691e-02,7.291810207443606695e-03,-3.648561774777646805e-03,-1.413958741083880602e-02,-2.355888180729869691e-02,-3.355648092261539345e-02,-2.628999999308195140e-02,-1.612749122567803473e-03,3.496797144588840469e-05,2.201488506651962107e-02,2.762642706716241653e-02,2.155805212386922159e-02,1.358642527026833642e-02,6.357182498734818485e-03,-3.618316935872412012e-04,-1.349643966304713352e-02,-1.070775807994065777e-02,-9.581741326540325551e-03,-2.298145152749745280e-03,-1.925235875286208714e-03,-1.172960763381502560e-03,2.795566812878726506e-02,2.666231138329534789e-02,2.414174824926179283e-02,1.891638342175526455e-02,5.317739894914999023e-03,-4.156370883946902163e-03,-3.533129407563822405e-02,-4.094234898944378725e-02,-3.718528711701483969e-02,-7.813471686538417046e-03,-1.224737646598253286e-03,5.041575862722382645e-03,1.375217339019389924e-02,5.163744343492909089e-03,-5.160951027721540768e-03,-1.430640291711086226e-03,2.136715306124306948e-02,2.884903249230061709e-02,4.786803025281164553e-02,7.670721881618781934e-02,-1.131934191065506017e-02,-9.005576113901064828e-02,-4.335654142872658739e-02,-2.082802885543497823e-03,1.034262825709394941e-03,2.682627832184552447e-02,4.477689883898818696e-02,4.735228334028447617e-02,-6.346244078099929969e-04,-8.209668356273279455e-02,-6.382621674276636736e-02,-1.731288195442244951e-02,-2.658318298068136588e-04,2.715609969147463575e-03,4.806291962860314779e-04,4.393112003151002911e-04,1.869465187814711021e-02
3.036008496933045517e-02,3.279688629631288821e-02,3.135901630171452313e-03,-1.240010622957616118e-02,-8.835514426571534430e-04,3.216163778788530916e-04,-1.106916064135461371e-03,6.867368203751302719e-03,2.400188522784875433e-03,-2.407064962083485526e-02,-7.961384445583034181e-03,-1.740166178654532075e-02,-3.360672233598662600e-02,-2.573900333892700787e-02,5.831441991823112063e-03,1.306155238498055322e-02,1.166156094326692427e-02,8.263829600612660614e-03,2.379789817260460905e-02,-1.466731186027789074e-03,6.077915466171181008e-04,-4.983552401370609092e-03,-1.277019326937340639e-02,-7.433431940904715145e-03,-1.430446161767350531e-02,1.206863907946801586e-03,4.853130328143299413e-04,7.609503947354541052e-04,8.874100647023668367e-03,1.147003497448887896e-02,1.546183867868382127e-02,1.372611117140773093e-02,1.402673778866834510e-02,-7.237417689470631633e-05,-7.734562859140735498e-03,-3.667665771587108603e-02,-1.253196929196805365e-01,-9.238361322919289020e-03,2.689741199732466944e-03,1.275335422359375826e-03,-1.217107980564591588e-03,2.985315089594793060e-03,7.806539380005503553e-04,4.097914488485017437e-03,9.567817516040154346e-03,-1.291468436921322733e-03,-1.731140819532563449e-02,-4.815588774073640416e-02,-9.931536777220598133e-03,2.988715863996841207e-02,3.414794098978146675e-02,1.024858350589199010e-02,2.040192212227242424e-03,4.297844752570492352e-03,1.890900699064396520e-02,2.075153411456959196e-02,-7.774363594202869480e-03,-5.816779675691311283e-03,-2.459261444021784357e-02,-1.281207449136356931e-02,-5.421146779332529017e-03,-2.374948990266391446e-03,1.230504853213076736e-04,1.099226465879713129e-02,3.036008496933045517e-02
3.079945049008995725e-02,1.990134826036924626e-02,-3.095848387388898740e-03,-2.841831271371705013e-04,4.697512479642890551e-03,1.794513352997190473e-03,-1.293731293810021239e-04,3.806236206436466613e-03,-6.152406656662706003e-03,-2.791046133588477238e-03,-5.093028022198062277e-03,-1.225881595017271584e-02,7.139119317336347064e-04,-1.597578705225871296e-02,4.653525578671763763e-04,7.225151941168347219e-03,2.984625383178789236e-04,6.233764105401560021e-03,1.182787467696275706e-02,1.117560097794906976e-02,-1.522027754747571834e-02,-1.473234999283973877e-05,-1.473852448915496894e-03,-1.494200486601927544e-02,-6.774397395611628236e-03,2.174022483620856208e-04,4.618997196724869587e-03,2.823922248051857677e-03,1.767696529127573812e-03,1.503336763230476297e-02,5.453003156372858776e-03,2.083240976927806538e-03,7.394395579654284645e-04,8.583994570463431006e-03,2.497912660589026324e-03,-5.172165249748018542e-03,-9.485088328269976332e-02,-6.406850975628169964e-02,1.127611091643933479e-03,7.118644248883345717e-04,-7.154540196312678818e-03,-4.324769902872988188e-03,1.710204066282661889e-02,5.996934679716188488e-03,-4.530968677417166975e-04,-1.191085948658074335e-03,-4.398504796213165841e-03,-4.620328292060637762e-03,-6.968389843636651169e-03,2.758512311783462706e-02,2.299990289541807564e-02,8.168762288579732578e-03,2.103612547849812928e-02,6.797846114267769475e-03,-4.206259312589029375e-04,3.648765846360464780e-03,5.539088241933514192e-03,-2.286262422065245270e-02,-6.787613444840195562e-03,-2.754395186360109049e-02,-1.362921359759179663e-02,1.184644378527349408e-04,3.748199184484510586e-04,2.934185849850846992e-03,3.079945049008995725e-02
6.601388982208956230e-03,3.259076855482321341e-03,2.866760200683743376e-03,5.732787315332907828e-03,2.386579314942273487e-04,-1.094566926496140860e-02,-1.096913530262658793e-03,1.103054777999713451e-02,1.803082600240271888e-03,-2.935172811136035290e-03,-3.914973488146675402e-03,4.915967095469395663e-03,1.971539364418742541e-04,2.993052630081265760e-03,-1.109336782207699830e-02,-6.799554384431635151e-03,-4.499017014539514678e-03,9.384357972172302151e-03,5.974074027141217449e-03,1.913792470474268495e-02,6.457335563891664944e-03,-6.485267085481222216e-03,-1.408509103207580728e-04,-7.528564459555887010e-03,6.947619976726556769e-03,-6.079490896364177221e-03,-1.734154072818948344e-02,3.888098270297216455e-03,1.426316726905003159e-03,1.259952229440579330e-03,7.548934838137793743e-03,2.469454501236818377e-03,1.164620842649838253e-03,2.976731468122506292e-03,1.875098196732659578e-04,1.088723979435695169e-02,1.045182673582560574e-03,-5.807177828300050942e-02,-3.543201005535898812e-02,-3.362387956648540260e-02,-3.618325154767319113e-02,9.301119863659963044e-03,1.334038635435624842e-02,4.617993392020488044e-03,1.034744384324204174e-02,2.670272431495261515e-04,2.289921563977511873e-04,-1.298112207168074499e-03,4.662360783941315451e-03,-8.266750960682797645e-04,-4.200752048842910924e-03,7.325734947287151910e-03,3.918280847630965097e-03,6.219226568145458205e-03,1.877083124558391602e-02,2.377223015003087671e-04,-3.569749583010647237e-05,-3.843341667558280040e-03,-8.665445390132604092e-03,-6.313855460074762303e-03,-1.683019676754122368e-02,2.274572925939602106e-04,-9.015151756876074729e-03,3.078117708163958036e-03,6.601388982208956230e-03
-9.513399584069427012e-03,2.009608804271629297e-03,2.180059145416499676e-04,-5.959115883666766568e-03,-1.988714218468163805e-02,-2.758530105956146557e-03,2.468743379594387846e-02,1.030485927253569148e-02,1.406687210273944305e-02,-2.843239214274182608e-03,2.271907968997226301e-03,6.605675975759842805e-04,1.775987190971995138e-04,2.880082584032584228e-02,-8.157631239107473661e-03,-9.124406042096988925e-03,-1.224172642941886296e-02,1.181458297319002782e-03,1.096843468805942454e-02,1.458577529045329731e-02,2.984172272102231585e-02,2.493027750414738425e-02,2.818609916729536164e-03,4.755918889801896698e-03,-2.416829227720143202e-03,-1.068874785457240087e-02,-2.278725617327414035e-02,-2.772092953022387701e-02,5.682826330016498700e-03,1.981648005539640017e-02,2.383889459691758330e-03,2.849186490346411992e-03,1.733326392481275222e-03,5.057516803404795563e-03,-8.988987130898309919e-03,-1.160142698886494541e-03,4.574471048426063252e-02,2.266274064055986189e-03,-4.578706455663730801e-02,-5.647189942029856580e-02,-1.332986589342229078e-02,-8.996739156659407793e-03,3.607764184126366781e-03,3.316215680760148301e-03,-2.627937233984254609e-04,1.779958926672065575e-04,-1.637439654801836966e-03,-2.315876428264447041e-03,-4.953014045962220516e-03,-9.009999005044752249e-03,-2.974245458721153871e-03,-2.767993860348793439e-02,2.374285962086390700e-02,3.296483459131328148e-02,3.866987035895301517e-02,2.804140299685041644e-03,-7.783497400415666668e-05,-2.665599129577987496e-03,-7.523439267939827264e-03,-6.860950504520156763e-04,-4.476144977975462375e-03,-1.823632555049574042e-02,-7.438997197850211185e-03,7.639494524017794580e-03,-9.513399584069427012e-03
4.853701990509530712e-04,-5.298212766735118165e-03,-4.109018009747600710e-04,-3.601175618723737037e-02,-2.588012743634937607e-02,4.483355670859718971e-03,9.838653360214008950e-03,1.613514130864595469e-02,2.333183861835493381e-02,6.926893740690734380e-03,1.165721433689683844e-04,-1.237017686950235822e-03,4.687939317407846009e-03,6.534359976034346228e-03,-7.858064959411234323e-05,-4.758274989640422941e-04,-3.808399325603076800e-04,-9.893062769822826355e-03,-8.633532359977018214e-04,4.005202219878856162e-02,3.892212239676479113e-02,1.958687368543770083e-02,2.126999285462605541e-02,1.030081330708896778e-02,9.650591453302948810e-04,-3.326132687581124375e-02,-1.166887170336039677e-02,-1.338794517087416730e-02,-1.168839662540886596e-03,1.336365089709256465e-02,-1.800904574905733840e-04,1.745824762282232982e-03,-1.411173755913435737e-04,3.543591891630968075e-04,2.802135962390456801e-04,-3.910918451538031131e-03,1.462996298766492016e-02,1.047408290210654659e-02,-6.129753233480950657e-03,-1.504815852668786591e-02,-4.755293696403624609e-04,-2.138401283162637972e-02,-1.154047519583272126e-02,7.150194505336378986e-03,1.815538726970280419e-03,-7.164482707281679200e-04,-5.432149647099360039e-03,-1.558264653212499025e-02,-1.209789659837758394e-02,4.721140429449497609e-05,-1.660239845187763078e-03,2.816598478720341511e-02,6.340704958814290942e-03,-9.267544126411998663e-04,-6.404032891444344164e-04,-4.206463893472289881e-04,-4.399405338936442935e-04,1.320198910872832747e-02,1.698960395883039598e-02,-6.660073680445838045e-05,-5.439298047533729953e-03,-4.279418750731254356e-02,-4.181742100090279392e-03,-2.167110366270003780e-03,4.853701990509530712e-04
1.867001140542661570e-03,-4.158189044208094286e-03,-2.006992052242707880e-02,-4.649846933767963486e-02,2.855402159578933666e-04,1.129344532411740397e-02,1.949832135526695723e-02,1.490407831716974128e-02,5.823182840208330352e-02,1.047048257433064525e-03,-7.454910086668634431e-03,4.068967427537270934e-03,3.741006000832266826e-03,3.676549882091030086e-04,-7.490200944693079649e-03,2.320417315145843849e-03,1.154954852771611709e-03,-1.894263614854010264e-02,-3.737578517986791127e-03,1.762525870697334920e-02,7.703253535641860217e-02,6.271396331417400730e-03,9.697712664738407373e-03,8.929382647594435573e-04,-5.772063654750544601e-03,5.963540620314262443e-03,-6.416434691626797006e-03,5.262703075690227175e-03,-2.719863824849545753e-03,-9.622159020812474928e-03,-7.084299749799824290e-03,-4.974078173713221591e-04,-1.226599143655154921e-03,-3.211096606435481348e-03,2.022165399484377683e-03,9.382757079138971668e-03,1.011337827809721812e-02,-2.354347148606099934e-04,-1.250268671265974193e-04,-3.950968238894894007e-04,-4.959216741380065643e-03,-2.895010032682288764e-02,-9.642806961930984813e-03,1.050040893162691204e-02,8.238225025723053957e-03,-6.352011155874184942e-04,-1.438930254158235847e-02,-1.637154443674519733e-02,-1.318469354487800810e-02,-5.769146130901407939e-03,4.114036011529904197e-02,3.047169512418064496e-02,5.874866219728882514e-05,-4.834195078809241583e-03,-3.187513154043637720e-02,-7.611059439456615942e-03,-1.859207819915592705e-04,2.339887943888363867e-02,1.741333987963458296e-03,3.818379516204089348e-04,8.424865041455129175e-04,-1.658195676973611699e-02,-2.388802101983041049e-02,-8.360057075748009159e-03,1.867001140542661570e-03
1.767761177700921324e-02,-1.652680916850519455e-03,-1.970180169545971208e-02,-1.568519014516782384e-02,-4.603520475323557909e-04,4.578536427292846309e-03,1.665436762891415578e-04,9.426734626328899967e-04,1.163399543553492654e-03,3.354739326847060166e-02,2.359352848986963347e-02,4.369569492396639318e-03,2.303362047163338543e-03,-3.652673238490688297e-04,-4.035584307154362754e-03,-2.591568797558182514e-03,-2.779138579010348464e-04,-2.849214435622031590e-03,-7.352749420663052572e-03,4.085453305510591826e-03,3.440805812636042738e-02,1.748427464313096966e-02,8.519667110728105369e-03,3.277863890759611688e-03,-1.737808988527862405e-03,-8.581051709895787087e-05,-1.119394021601329567e-03,4.346290726534460247e-03,4.214848294542701199e-03,-3.907052551228414744e-02,-4.830823190999010376e-04,1.422992101314605237e-03,-1.172151611983938448e-02,-8.475423379828725054e-03,1.264710725300616061e-03,3.915680525037030374e-02,1.979098253155962828e-02,2.690916097553145911e-03,-1.226840181123627603e-02,8.876842456305438119e-04,8.131883092654953278e-04,-1.834498307185771990e-03,1.407707369279246300e-04,4.926507191710757620e-03,-1.832779040556144689e-03,-1.033682051593189967e-02,-1.132518185037632505e-02,-3.009224420746085121e-02,-4.951301415970311981e-02,-2.756785254001421336e-03,3.532052553295531722e-02,1.757544809412597137e-02,3.939690164669436973e-03,-4.110143655933436494e-04,-9.185302473456415789e-03,-6.330207512287554412e-03,-1.911175202771976493e-03,-1.179241575792042661e-03,-3.670225372993263496e-03,9.121911225679266849e-03,6.977941016443257004e-03,-1.009804050084297557e-02,-3.715895151473475738e-02,-1.729555486531497016e-02,1.767761177700921324e-02
-1.187052551645651800e-02,-1.128160755488322523e-02,-9.759562204748849223e-03,-4.026760614669737740e-03,-9.644166066038231330e-03,-3.186634747977015736e-02,-1.761910595428289178e-02,7.944853697369280363e-03,-6.813738878987413031e-05,4.477677933981426966e-02,5.612187114609860916e-02,1.480112396465454137e-02,3.396391036270920202e-03,2.172925799456533556e-03,-7.733768204958797786e-04,-8.314008720434662783e-03,-3.018350249664942847e-04,1.036359212625038442e-04,-4.388102822855509269e-04,-1.343722896677539309e-02,-1.464550721697196588e-03,3.009345650751315410e-02,5.401635776632465920e-03,3.804249975350403740e-03,9.148477941936083296e-03,-1.293164277526248282e-02,2.915480690970044010e-03,2.552680573358990027e-02,-1.620634993297112927e-02,-2.172658379134695741e-02,1.594038328375796919e-03,-1.076021390560447967e-02,2.467754639990700364e-04,-2.352393345660820211e-03,-2.431303535032350131e-03,-2.200471394090877403e-03,5.496458027089186002e-03,3.333893701769498341e-02,1.783074102312106127e-02,1.137434923649429178e-02,3.597564036098634208e-03,2.512248987935238390e-02,1.046201162502334754e-02,-7.557886025446221290e-03,-1.505799394549458409e-02,-9.631219706363628938e-03,-6.213842922238439065e-03,-3.031398962057718291e-02,-1.002597896644936808e-02,1.081427284497147277e-02,5.117967689477737232e-03,9.590384470384512999e-03,6.528875336999930522e-03,-2.837179977240590276e-02,-2.075381343759686095e-02,-5.244906685963341818e-04,-1.518724921195734436e-03,-3.512815727587750327e-03,-1.242200358289133159e-02,-7.955312937501082815e-03,6.697444600515483140e-03,4.085451425282377730e-02,6.191341514385979503e-03,-1.029467846943987568e-02,-1.187052551645651800e-02
-2.848088912121373578e-02,-4.136564514791783720e-02,-8.397516996038717485e-03,-9.510448255244007693e-03,-1.888492112749873275e-02,-2.263096987808440805e-02,-4.957762466903287840e-03,2.894884931404159874e-03,1.518633563638443172e-02,4.561033245085649619e-03,1.393920225866888442e-02,1.729563554991048538e-02,1.731580266249860972e-02,9.515177356792317576e-03,7.652244314269288430e-03,-4.536496134201714950e-03,-1.296927169565658886e-02,9.567667739850717402e-06,5.300010015936035442e-03,-4.866015459267903666e-03,-2.827102115435292662e-02,1.139504298570176086e-02,-3.589570399064324733e-05,9.352936015694972294e-03,-6.661277107470401672e-03,-1.166226101697597807e-02,1.529950872388020390e-02,-6.880062304962227503e-03,-4.060444975094413059e-03,-1.589789984368682359e-03,-8.959140900251844411e-03,4.163113368855156241e-04,-2.630304746691005551e-04,1.435613049966515272e-04,-7.977639037933208352e-04,-6.493693446222444880e-04,2.001312040274086899e-03,2.274864726815381197e-02,1.678627440797116066e-02,2.435979339166139627e-03,1.080744827755564415e-02,3.171700385501174252e-02,1.868816385264381388e-02,2.398856707838672108e-04,-2.437666055124856294e-03,-4.663723068653582646e-03,-6.635047307664523018e-03,-2.798802437565855918e-03,2.870746124200920790e-03,2.782092655039227185e-03,-3.435360959455806620e-03,4.611748669703531604e-04,-5.998981055500902070e-03,-3.674778277642542362e-02,-1.112193123658914394e-02,-1.613727185243767287e-03,8.029616485720545219e-03,2.192787775187841556e-02,5.132407039079053129e-02,-1.267641537260082336e-02,-5.591229310983168027e-02,5.961830521952253548e-03,3.276552262122987141e-02,7.657089815324002492e-03,-2.848088912121373578e-02
-1.194372432512777124e-02,1.409739584676709739e-04,-5.767791223435231665e-03,3.473199586262294952e-03,-7.584866812328812510e-04,1.909675889461405571e-03,8.172775253834365164e-03,-2.534460774890191608e-04,-6.560648915906041635e-03,-2.140254006928100569e-02,-2.313164714868628027e-02,1.898439452337598830e-03,1.375814630327261597e-02,1.066747197164680250e-02,9.208666088487985069e-03,-6.621078942412265272e-04,-3.068148483268265392e-03,-3.597383387684198984e-03,-7.165569583459156094e-03,-2.274021995309708551e-03,-1.083429072502812944e-02,-6.639014778731398315e-03,-1.629951203935965751e-04,-7.208537662668940658e-03,-7.425312998723549059e-03,9.526045191716932606e-03,2.895968267746987842e-03,-3.282689308402461214e-03,1.885855264066755037e-04,1.738763152134446040e-03,-7.990602841480322349e-03,-1.184488895100303286e-02,3.134489587577942099e-04,3.217405464004110204e-04,-5.885303872290877265e-03,5.781135345217162762e-04,3.421571935959881461e-02,6.463771584269259463e-02,-4.507867364917903549e-04,-2.194631492924758575e-03,7.137528237967914226e-03,3.136561656737740528e-03,1.653642272985323541e-02,1.776804460664481791e-02,-4.332626953571401540e-03,-2.905998473883822722e-03,5.574754245313032382e-03,1.510190938552969731e-03,5.407798570580549941e-03,6.033848319931265150e-03,-9.288517280937736223e-03,-3.431073265802039168e-02,-5.989269875651450498e-02,5.061406563013279292e-03,-1.544740844107892700e-04,-4.390441997723362397e-03,5.997090323991250554e-03,6.334094315236936390e-02,1.031819299587505845e-01,-7.927844392167015738e-03,-4.552593247778693314e-02,-7.013144883791975169e-03,3.187075666772184058e-03,1.820432321509501614e-03,-1.194372432512777124e-02
1.104744728869085915e-03,3.258208792618411728e-03,5.737648734504442218e-03,6.805770691388421390e-03,6.015139932804445741e-03,1.879526470096236357e-02,3.947424631040650882e-03,-4.308868904748207329e-03,-2.494746573174516906e-03,1.342610315007699119e-03,-1.085328312573107711e-04,-1.835507713020062201e-02,-1.965690310234282159e-02,-4.365657508725521996e-03,3.858664461642703765e-06,2.895753400448627425e-03,1.281979641026949552e-03,-8.482237013036118085e-04,-8.883021881308700990e-03,-2.901144021518599868e-03,-2.089202035982654429e-03,-1.031229173824030516e-02,-9.620002141650733571e-03,-7.067786266801799784e-03,4.729626330663973428e-03,-2.448161179451093655e-03,-5.208591030322192068e-03,-2.352489616077827785e-03,3.086186472269662490e-03,3.822061373666237570e-03,8.163998043359599333e-03,-8.255353467332115711e-03,-2.509739094011369936e-02,-1.652805157491023594e-02,7.337327093371467934e-03,-2.602801681832268236e-03,-3.485915277515497582e-03,5.996088475310603488e-02,4.698242860491470135e-02,-2.388885675304988892e-03,-7.542359421148184251e-03,-8.591150646986851769e-03,-4.415563202997864131e-03,-5.171603754447810959e-03,2.843193271913641278e-03,1.256208959064920513e-02,1.926091872734757640e-02,1.654272989172959202e-02,4.925495916651366143e-03,-2.030903984565752846e-03,-4.531551361865185368e-02,-4.360914120833257052e-02,-3.886090351881542598e-03,2.616381183775499681e-03,3.399219107365269651e-03,-3.182997100838287716e-03,-1.001752800247627184e-04,2.469199791308969352e-03,1.769670787046735694e-02,1.865603272694266223e-03,-8.924765242809730090e-03,2.770488939246688875e-03,-4.298468215938146438e-03,-4.165031254093671913e-03,1.104744728869085915e-03
9.597910724112192595e-04,6.654494111819591294e-03,4.349321764572547377e-03,-1.741916543832733007e-03,2.055852807758369247e-02,1.122667748389264385e-02,5.816186458495129115e-03,-4.490459262935517573e-03,-1.640059689374714219e-02,7.140238577135347466e-03,3.503198457132668947e-02,5.018866827357115247e-05,-1.773057846423675005e-02,-7.471362451502818261e-03,-7.185928405771706447e-03,2.493962722994838652e-03,1.017002451869055031e-02,1.607322700345942932e-05,-1.075376430526122154e-02,-1.803079465287927077e-02,-3.810235846598276650e-03,-4.593034614858648550e-03,-1.233473807283994549e-03,-5.839010609989582663e-03,-4.189902087471855836e-03,-9.620572443249616676e-03,-1.110613747280510613e-02,2.489712987834196648e-03,1.332837314590524201e-02,2.111771178252880646e-02,7.679818929837907773e-03,9.991979733068513669e-03,-1.598466612597211666e-03,1.017675763586257595e-02,1.852149734816513175e-03,-4.103413071951207209e-05,-2.617565160589804471e-02,-6.350621625512380131e-02,7.142478278452410283e-03,3.127956822953417704e-02,-2.841942830789094716e-04,-5.753744021376280826e-03,-1.909449543722131076e-02,-3.416011480365637593e-02,2.354516488508298644e-02,6.529740681295408133e-02,5.378609777707273921e-03,2.448552322506414650e-02,1.543247591662875833e-02,-3.265510606746321876e-02,-4.372286302313253131e-02,-3.463003506673317800e-02,2.595318173039339689e-04,7.358419945021182559e-03,1.409094116380529317e-02,1.142466034186461626e-04,-6.317091440615331920e-03,-2.867090327307752345e-02,-4.535965577606719534e-02,2.871252482658080349e-02,2.888368778429024897e-02,5.552781466523670079e-03,8.511085336868512083e-03,9.789071103391460207e-03,9.597910724112192595e-04
7.403390867859872652e-03,4.215367782901768834e-03,2.168049823913284404e-03,-2.624618621902919790e-03,2.778791111935286200e-03,7.524868729012135042e-03,1.966125207281652770e-03,3.064154183780710516e-04,2.178445056780800582e-02,6.322365454182934247e-03,-7.643123245016114099e-03,-9.574884788039273245e-03,-4.932280870363380150e-03,-1.328997098243068879e-02,-4.282322338991088537e-03,1.321860443740552164e-02,8.466216721224450320e-03,-4.009972674012536424e-04,-1.315536788658512417e-02,-2.234116964777049102e-02,-7.987701944841741133e-03,-3.262677831312306171e-03,4.361770248897741883e-03,1.115656388570620584e-02,-1.231364184488777103e-02,-1.569168694260007074e-02,-2.489023063197031219e-02,-3.273606028561665406e-05,3.068142146195622019e-02,7.989844124826367411e-03,2.958580617088939994e-03,1.243583058726863144e-02,1.416122451210274739e-02,7.079184030714479221e-03,1.666809887867079715e-04,1.953169079859921236e-04,-1.773841615171870651e-03,-6.545264707689908701e-02,-3.563425805812599906e-02,3.288957435217109218e-03,7.218063661005188992e-04,-2.675394687221096211e-03,-3.236171566844657510e-02,-7.801944376393021852e-02,8.334374355877170043e-03,8.179436645654469817e-02,4.076009426397881469e-02,1.126923409681655948e-03,1.288572937104844225e-03,-3.443594970013898974e-03,-5.728500639233000818e-02,-3.545711700170652708e-02,1.008902628507661429e-02,1.205555936405579461e-02,3.852079253327508890e-02,6.525638103031237459e-03,-7.390715774598244012e-03,-1.801003448165163986e-02,-2.614459801091961744e-02,-2.692539641845750464e-03,-1.591316481321584757e-03,5.246236747015528903e-03,3.612317832966373959e-02,1.118653913228119176e-02,7.403390867859872652e-03
-3.421442961009927251e-03,-1.031941564838078198e-03,5.505188588404745335e-03,9.010931879441119339e-04,7.952110688155707846e-03,2.176031285570271135e-03,1.935232162959255302e-03,1.713331611561368095e-02,1.419717986168143528e-02,-2.337503911204027107e-04,-5.664190281150154743e-03,-8.606514387817561923e-03,-7.557398587859643670e-03,-4.678352429335474495e-03,5.262444723282681813e-03,1.862071072970004904e-03,-1.812402783368852492e-03,6.265188714080271786e-04,-1.110160520620385831e-02,-3.626690482653616848e-02,-2.441894625925274814e-02,8.879593624152316280e-04,1.192204117829203085e-03,5.826853649220350116e-03,1.047183151427933355e-02,-5.662008198361408087e-04,-7.043453888551021906e-04,-1.332125288975254292e-03,-2.424751495008276719e-03,-5.831579002465087092e-03,2.779754225250097386e-04,1.495414031111103222e-02,5.823927682966393432e-02,1.603852051602331144e-02,-7.449632173476063461e-04,-3.131834244769934363e-03,2.548924856705327060e-04,-5.164437019574939780e-03,-2.695165713959005518e-02,-7.078103813030751749e-03,2.686141764076198975e-03,-1.230309991985821137e-03,-6.643648710812550574e-03,4.354506253810360925e-03,-1.988449871656820279e-03,-2.154346499757753622e-02,2.065506438917546345e-03,1.102935127735632688e-02,4.680224306449704344e-03,-1.417496569020329673e-02,-6.847827859120028671e-02,4.738391194855408502e-03,2.930871753092247761e-02,9.187835583014317478e-03,1.622844282809849520e-02,1.780984864114104615e-02,-1.062463804195887599e-04,-8.150955404980713553e-03,-2.412947324745720601e-02,-5.084083042151197988e-03,-8.161934056660232958e-03,2.605030375052384134e-02,4.112656079233222017e-02,-1.709155193825157492e-03,-3.421442961009927251e-03
-1.594494114730152928e-02,-4.875149288991347668e-02,-5.373750683546748771e-03,1.665097928920953457e-02,2.387351210595901625e-03,3.089081842761583424e-04,1.441383325290334846e-02,6.268895284047348165e-03,1.424433030311091216e-03,-4.162231660536056964e-05,-1.560629468138907336e-02,-9.481910047234063527e-03,-1.902144367946003237e-03,2.628307959532013172e-03,1.450755335192026665e-02,-1.466376124854188584e-02,-9.965214161540246474e-04,-4.589886874261444000e-04,6.852015218743874288e-04,-1.624857687532943115e-02,-2.659387410291717824e-02,2.196344456596138750e-03,3.137730568425473390e-03,-2.026484726979519389e-03,2.274627926035774697e-02,2.918406630924273715e-02,7.593077476357828343e-03,-7.853374338544440517e-03,-3.589109676558928375e-02,-1.436990644685022175e-02,-1.053752543216071591e-02,9.504943316700563416e-03,2.155817661265423818e-02,2.879257255433247814e-02,2.984641668660253586e-04,2.196382118514446282e-03,5.365923950891033755e-04,-2.868551157953639426e-04,-8.356426738856611441e-03,-1.852865440016650267e-02,-3.181101166088288936e-03,9.980986620677108464e-05,6.866753371294683113e-03,5.233904038283001409e-02,-1.027880371218108622e-02,-4.638610345020312969e-02,-1.079911398209829933e-02,6.362700531381596490e-03,-3.403477517382705493e-04,-1.842452994020544674e-02,-8.851368519133713531e-03,-8.540619928564955124e-03,1.244825817687427935e-02,1.632645237502892976e-02,1.109933254608920158e-02,2.574756176392897777e-02,9.725602167869620840e-03,-1.711227412462155636e-02,1.475865535826107475e-04,4.754801131611198842e-03,9.276362672158705580e-02,8.545346906211956708e-03,-1.817577550403553718e-02,-4.486534132814434285e-03,-1.594494114730152928e-02
-4.928310301869891046e-03,-3.775424459474838873e-02,-2.180358956087988936e-02,5.915515231649833526e-03,5.275986065950557385e-03,8.326065458421079424e-03,-1.310852282092819310e-03,3.115493898398329249e-03,-8.104916229954795210e-04,-7.334013393764631482e-03,-1.194568077158614586e-02,-6.659391502677082650e-04,2.016063332507749429e-03,9.102624996752479297e-03,4.119843122850347502e-04,1.676254821956647345e-03,-1.906175824514325925e-04,7.586961732327092769e-03,-5.048488828593564919e-04,-1.970915427910592977e-03,-6.867134171442367679e-03,-1.210543688569654282e-02,2.959757480952281833e-03,1.696642180513482576e-03,1.343539848929933833e-02,2.467228891546161679e-02,4.510750664459130081e-03,-2.000430920629399714e-02,-2.060533815059636953e-02,-3.440430570761413703e-02,5.087124717178630011e-03,7.853639365123610966e-03,-8.537555698712682170e-04,2.631702094095137931e-02,6.423199318843312959e-03,1.802021572451797341e-03,6.214700451262914274e-03,-6.061353325689733222e-03,-1.135299451360573426e-02,-6.063576317656266951e-03,-1.013819338149783353e-02,7.449548958473031692e-04,5.721650189496047326e-03,1.462896649416260339e-02,-1.551841581227115629e-04,-1.029737936346710077e-02,-3.356030690660902465e-03,-7.041499284380463297e-04,-5.059314291085115732e-03,1.190963839910202764e-03,1.717050527894733655e-02,1.329400411296861352e-02,-7.154145470760475516e-03,-2.639300987425699605e-03,4.478839820809571437e-03,5.186586249118198266e-03,4.284803701340561544e-02,2.548124721974004588e-03,-6.110768081265103950e-03,3.333754395300989742e-02,2.083784598757930720e-02,1.250503630707113737e-03,-5.654468679766456833e-03,-2.395408526698344573e-03,-4.928310301869891046e-03
-1.828438782653245970e-03,-1.061816572070540567e-02,-1.518793132154956475e-02,-4.226204014954954707e-03,-1.079556754526390765e-03,3.716953231392975445e-05,8.883952280357576428e-04,-1.580945218687938251e-03,-6.629444661205997902e-03,-1.803011229646204333e-02,-2.000863950581965867e-03,1.396992959304615240e-03,4.545613802590554343e-03,1.223337296294730453e-02,1.473691964294322580e-02,1.057616441928690455e-02,-1.772674776895160741e-03,7.689193172688403924e-03,1.815497506402069050e-03,-5.462195801430131011e-03,3.846398464481026128e-03,-1.059576290757373827e-02,-5.201090306920803236e-03,4.405340695256675793e-04,1.518526228069901063e-02,9.138766825740711475e-03,1.387706730578528716e-03,-5.864291502742950343e-03,-3.685434378068135064e-02,-1.117179426415047978e-02,1.577513534192965042e-02,1.562278565252318103e-03,2.867325872584641690e-03,6.963831404216013279e-03,1.986281294867718681e-03,1.053555039126817007e-02,-5.122456051628564329e-03,-3.709461687938658825e-02,6.460462397122684278e-04,-4.877959475741125601e-03,9.956512916792937401e-04,4.855527832945260181e-04,1.720073855428913903e-02,6.325055970129824130e-03,-1.688806020479609055e-03,-1.038129429670513366e-02,-3.388660564673421673e-03,-3.671022992965393417e-03,-7.356813490856476366e-03,3.370853132087097705e-04,1.636009734652791106e-02,2.790171362095862292e-02,-2.418335431829201146e-02,-2.144893772325549581e-03,1.814303553466717301e-03,3.240375043944069937e-03,-7.870757665324001982e-04,4.470123961947458646e-02,1.432779396868094114e-02,2.378219421823879205e-03,1.695731949268557137e-02,6.477892181926453788e-03,-1.760154827241804023e-03,-4.358468137919713735e-03,-1.828438782653245970e-03
1.167535794496992428e-03,4.452135586193475131e-03,-3.047216792909339476e-03,-2.573940651069514529e-03,8.320114793275253302e-05,-1.755637514753107670e-02,-2.064256522141890912e-03,-1.490840497566627183e-02,-7.039229349225575687e-03,-4.286200907158021112e-04,-1.452531232713395173e-03,-2.163387187380918304e-04,1.056919941070007859e-03,3.596112320799525232e-03,3.963738070827853288e-02,2.264010383903514341e-03,2.495626586996368100e-03,-8.382087943751333897e-03,1.082725424333179885e-02,7.907856372341459314e-03,2.653767660706720689e-03,-1.156384915221942387e-03,-8.629513965303307887e-03,-1.369873484167843242e-02,7.440959091257192369e-03,3.590897314831704989e-02,-3.955183090086275381e-03,-2.175289607856875033e-03,-2.756331745083361387e-02,-2.812351818430083514e-02,1.764551732767407830e-02,5.254749050208968458e-03,1.938202812422088611e-02,-3.516203065924899951e-02,-1.201529696906396792e-02,-1.911579579365500769e-02,-4.339375204922182871e-02,1.595249940614293371e-02,2.707194833249347565e-03,1.237605438055960037e-02,7.557155429575060715e-03,2.943090605169820448e-02,1.135155814950606842e-02,-2.323612830648715682e-03,-5.337601106113399295e-03,-3.694444092607186963e-03,-1.242954164509163691e-02,3.038589547897375650e-04,-2.278897665893287947e-02,-6.948741660688481821e-03,2.476373685858144699e-02,1.316402248367551202e-02,-8.405407705721679168e-03,-1.523934756753125667e-03,1.563722616576790304e-04,9.030770688439462152e-03,-1.760314168817202554e-02,-5.246933399275356767e-04,3.065024195446689609e-02,1.608233946496519587e-02,-2.918397970742936647e-03,-4.066491043929728981e-03,1.746258543475640718e-02,1.427154451093848482e-02,1.167535794496992428e-03
3.634318745012955071e-02,7.641150805636793587e-03,-4.395247181296186093e-03,-1.217182528231576175e-02,-1.047015819183678108e-02,-1.043074191291994655e-02,-1.466186342269720777e-02,-2.684278603375038746e-03,-1.052371818776755025e-03,-1.386929774787868264e-03,4.232997145562208616e-03,4.319314674309328306e-03,-7.223377485919251894e-04,8.205918404377262124e-03,6.447846444858694286e-03,-2.054243722804788112e-03,2.227837339576164803e-03,-9.643953739028865695e-05,3.253261633177427503e-03,3.408748847758916872e-02,6.720236307851545562e-03,8.772956454516023716e-04,-8.566269420456039396e-04,-5.954607306547787804e-03,-1.245677104245746826e-02,1.106716028455029428e-02,1.035683914671938800e-03,-5.482577284313808370e-03,-7.771512246900770179e-03,-4.210341665503369857e-02,-7.721505433073903163e-03,8.516879006398121385e-03,-6.042552287746216257e-03,-2.974436574547624501e-02,2.927233293910359272e-04,-7.386855639374085257e-03,2.774101041595016665e-03,2.962863326591678222e-03,5.003647532286065007e-03,3.598658987672596898e-02,3.087090439082080390e-02,1.176424201983731523e-02,-2.865003455930977948e-03,-2.354566392695026881e-03,-2.262775079127793583e-03,-2.043235714165530603e-04,-6.765361973218909225e-03,-3.598311313169007090e-03,-1.281688949037219742e-02,-5.401245115672230306e-03,3.157861810659989311e-03,-5.345235021102070876e-03,-4.441909169916491429e-03,-7.067836879977854557e-03,-1.229361480746567550e-03,-2.134409053381472292e-03,-1.377729682665510122e-04,-1.854329575267347260e-03,-5.435413679663287723e-04,-5.468664328758367568e-03,2.155046370050781989e-03,9.703204482770226569e-03,2.637449707296795828e-02,2.773463739130125824e-02,3.634318745012955071e-02
4.432887589759158115e-02,9.839567683436346163e-03,-4.226590491346416366e-03,-2.022522809058554735e-02,-1.673779453426928188e-02,-3.632117300065501771e-03,2.014969992301493713e-04,5.423543177049222576e-04,-8.487814442708943282e-04,4.325610526756823622e-03,1.095084048591376570e-02,2.482681041665565566e-03,8.124214446288057986e-03,7.512028248791423682e-03,-1.107993617697212475e-02,-7.253555003470440153e-03,-3.394337364160095400e-04,2.892437844624659690e-04,4.465068729996724516e-03,5.505934422788970155e-03,5.546019052882755589e-03,8.304970782875424921e-04,-6.039943966264076656e-04,9.047088599644056636e-03,-2.678011174811255855e-03,-1.783393264625774896e-02,1.551988675734892976e-03,-9.769574661338436324e-04,-2.107275901317530627e-03,-9.038984397854086389e-03,-3.962669137610425746e-02,-6.434578280031458784e-03,-6.798240705849331600e-02,1.187318797186061228e-03,6.203550992674570531e-03,1.195114167888652532e-02,9.136409637861902036e-03,1.024066993208159852e-02,1.904933377550565785e-02,2.506003803168180971e-03,9.431758765597368860e-04,-4.136956477735337086e-04,7.512360031321175732e-04,7.936177400540584412e-04,2.688678653419484654e-03,-4.561253289607609951e-03,-8.722987715822571111e-03,-1.472985479371149813e-02,-2.755888917560528491e-04,-1.221846896839772975e-02,-2.891393478103705412e-03,1.807094146332822136e-03,-7.422405552629842904e-03,-1.064903161515420339e-02,-2.126841176113089538e-02,-1.002618784014442169e-02,1.045891365477774095e-02,-1.550142472360817140e-03,-5.119955785571053339e-03,7.434149826405527482e-03,7.296237534933146078e-03,1.283983699100476120e-02,5.099007767419748427e-03,1.474509993352369173e-02,4.432887589759158115e-02
-5.935660808398859727e-03,7.722765188728414332e-03,1.237061157031121503e-02,-5.616766226027222579e-03,-2.210243442015104656e-02,3.078517485075066631e-02,2.759858050980856792e-02,1.117202459870402301e-02,1.609720375021759381e-02,-9.974195263583668716e-03,-6.611076891978416060e-03,2.355883848696754389e-03,2.775600377342746488e-03,5.757993979527746770e-04,-1.627086541487259355e-02,-4.236974313692994445e-03,-3.231501267405351239e-03,-6.623200982110920461e-03,1.585530413361095278e-03,2.356566172302464179e-02,2.268543260668579378e-02,1.385160936687762460e-02,4.862376623911650493e-03,-1.272434931776323871e-03,-2.940561124930241889e-03,-2.823151045105971868e-02,-1.272829628228771930e-02,-2.116197920765972799e-03,7.221442977994814265e-03,6.175035023621515060e-03,-4.623043532459669702e-02,-5.722059187856447238e-02,-4.000651627569290492e-02,-4.027946576981477483e-03,1.521648841430427732e-03,5.538912581151186204e-03,2.873931007436375876e-02,2.712875730229831472e-02,3.251593602915221759e-03,-1.703518391937631701e-02,-4.515400891826095754e-03,3.876685234702168664e-03,8.738267773126424942e-03,2.033204294549607535e-02,7.013359693411241880e-03,-2.041543914256023148e-03,-6.064272298182295587e-03,-3.650015548015768385e-02,-1.812960397208128764e-03,3.947048224532631350e-05,5.396456076418061762e-04,-1.236773052653079331e-02,-1.774992598829587889e-02,-1.814471206345493956e-02,-2.628869530861398934e-02,-9.312172842047678617e-03,-2.599076323368375990e-03,4.484266165829039509e-03,3.222211362977008692e-03,1.467983067016546614e-02,2.497993025553921914e-02,6.183759490598821594e-03,4.409272110819107034e-03,-6.998189944739356336e-03,-5.935660808398859727e-03
-3.374407630746178999e-02,-1.521416647785717906e-03,1.477068968957430915e-02,-2.185981212651741737e-03,1.740528816956368047e-02,1.019620589574002645e-01,1.678824346390021469e-02,5.379997871251338513e-03,1.666125926879322497e-02,6.768872691575734610e-03,-2.749965755973456799e-02,-4.845776262499844333e-03,1.314296365141074882e-03,-7.407481280255565764e-03,-9.997460029134923321e-03,9.228341492106837199e-04,-7.147858845085600446e-03,-6.042337854920572758e-04,3.556780185766438528e-03,2.797771406083219246e-03,6.740123089229124894e-05,9.574224114228886001e-03,1.349273690144300701e-02,1.071763356485669685e-02,-4.597887372063032448e-03,-2.455055162820480447e-02,-8.729959854038670322e-03,-1.149525957374570445e-03,1.401959336141716606e-03,2.230829473677270122e-02,8.124875151320567340e-03,-1.058964211151754986e-01,-5.671559117051907378e-02,-1.738307899191361694e-03,6.682718468986372992e-03,1.231010103442896006e-03,-5.803540023225519859e-03,1.729226531648972616e-03,4.094146286620541433e-03,5.294468710733457421e-03,-3.415910344455504784e-03,-7.161756265600964858e-03,1.376233059444337790e-02,1.641258137845767046e-02,3.954854933917561349e-02,3.196545096504278816e-03,3.077538130660805848e-03,-2.874515486525128574e-03,-2.247021850693566893e-03,1.742993397768907021e-02,-1.422731526516905418e-02,-2.052671621771557514e-02,-1.960172957000934357e-02,-2.928484572535076588e-02,-1.078512867582574232e-02,-8.894342747798071255e-04,6.323617334684025412e-03,3.899586830353350686e-02,4.681344412612081785e-02,8.095090304988613455e-03,-1.949598071838960431e-03,-2.402377544115443918e-03,-3.677429810818262429e-04,-2.433368403768398913e-02,-3.374407630746178999e-02
-2.194471035842875811e-02,-3.748943853932170333e-04,1.864988126233243018e-02,9.947225201806819683e-02,1.303346694329137190e-01,-3.694243145429886716e-03,-2.100267622612532817e-02,-3.197586893054021190e-02,-1.821475413936550145e-02,2.235578614326115890e-02,1.101008284379731243e-02,1.295847479640411788e-04,-2.302194508991048556e-03,-5.784956876567817416e-03,7.913077318454604723e-05,-6.835184357018339596e-03,-3.591981427425013166e-05,8.882906363639779188e-04,-9.890793216877209705e-05,-1.017871114636016705e-02,2.854066744704882551e-03,1.871501908114519067e-02,3.167636317432689225e-02,-8.914372896591091569e-03,-5.697252152627199813e-03,-6.518227747035015797e-04,-6.566723245365317478e-03,-3.918595486500101033e-03,-1.068838589690873864e-04,5.058345348017252718e-02,-7.075857114250548759e-04,-9.380354950181439555e-02,-1.780083566469055009e-02,-8.496300962955452498e-05,1.641116226449126567e-03,-1.197471696821912276e-02,-3.639762500218186913e-05,2.474992915968323294e-04,-8.006279954347140853e-04,-1.136815623047560814e-02,-2.317806739666618612e-02,3.548289343389667439e-03,2.654564000022893461e-03,9.908783298857944469e-03,5.331286135107899879e-03,6.896429373504682492e-02,1.973905933127672457e-02,4.963893326595739640e-03,-1.243670452542652979e-03,-9.628652289363689174e-04,-3.058963438666107825e-03,-3.757098838781041533e-03,-5.791974594487284134e-03,-1.570891182975491310e-02,-2.039122448618113648e-02,-1.218853707121315543e-04,1.205493858734066163e-02,4.479418277180604452e-02,6.354645631714576914e-02,5.416100617358667740e-03,-3.471952837482761289e-02,-1.131999884644550175e-02,-1.199788398366143267e-02,-3.453597571448720205e-02,-2.194471035842875811e-02
-1.366013581327273248e-02,5.097816615782641263e-04,4.905821293446722270e-02,1.381431094208778743e-01,2.268509433831867109e-02,-5.628899455685851261e-02,-5.317267659125341633e-02,-1.502650305895771553e-02,-7.102320256662770538e-03,-5.497091671497662119e-03,5.951793277233737023e-02,6.751959268775965112e-03,-8.759373912549638921e-05,1.016891517740632720e-03,-1.286976201264271313e-03,-7.992782511404265160e-05,-3.262282798392315396e-03,6.678637450818896175e-04,-9.879106581996689035e-03,-3.089210794642672630e-03,1.409715310184587837e-02,4.135577118624370052e-02,2.888912538660122833e-02,-7.855577153702785614e-03,-4.657039139530139149e-02,-6.982876607591916723e-03,-2.047055352481399419e-03,2.057848575471238513e-03,4.594745512957878336e-03,-1.363244199149509298e-02,-9.711018033497743895e-02,-8.661713918801490974e-04,2.051571010372614176e-02,4.130849519840042346e-03,4.073398956808291227e-03,2.209720543104124694e-03,-2.971552154313005623e-05,-6.245808733470674216e-03,-1.871454859373840318e-02,-3.169657311571359021e-02,1.125021645985473107e-02,2.455019148949121391e-03,-4.622934755566964935e-05,-3.562027764719285995e-04,3.241967496526849371e-04,1.918513762883312934e-02,3.664909330559797118e-02,4.767308843510972491e-03,6.998797216369713990e-03,4.660344738130464595e-04,-6.255009721656451570e-04,2.440331577118681956e-04,3.938913531981417734e-03,-1.456802206746353424e-03,-1.695920658363723674e-02,-8.669385216793210058e-03,2.163371072254637040e-03,4.066711460992125660e-02,3.180661175059202456e-02,5.578375721081011741e-04,-1.039203055388968934e-02,-3.768157809366754624e-02,-1.601960719916527970e-02,-7.766293917265467209e-03,-1.366013581327273248e-02
-1.189871882391568304e-02,2.874597796544018508e-02,5.511758224285781549e-02,5.562330659743353750e-02,1.040974655087471666e-04,-4.007728890185831283e-02,-1.347131164829743800e-02,-1.539926600712462901e-04,2.698227530837408843e-03,1.203182366040019165e-02,2.742325676083962743e-02,1.342288364372125863e-02,-2.802230630974401806e-03,-9.476779850766498328e-03,1.099830625038434413e-03,-1.647289520546172184e-02,5.475803380327773189e-04,-2.448270146610354286e-03,-1.175418815360708934e-02,-2.324790669939224078e-03,-2.474856179918611364e-03,4.041923492307655796e-03,2.476114320705667823e-04,-1.871261520541981412e-04,-7.346438603785979821e-03,-6.772971616966151805e-04,2.191443142103594033e-03,5.697334412674286315e-03,-7.918059454912916226e-03,-4.060888222991310831e-02,-6.732565622065858277e-03,2.750812807397988793e-02,3.069475997757773258e-02,8.249415416384832389e-03,8.953367310468422508e-04,3.776353476433491271e-03,-4.129627290499291586e-03,-1.479053679383545566e-02,-2.270333411542970609e-02,2.037529515077670782e-03,6.083197688962307167e-04,-3.609253713537562895e-04,-1.802188037878282899e-03,-4.875123914000887621e-05,-9.442002407022364284e-04,8.625907772654427567e-04,1.224824159326137578e-02,3.541026996108278396e-02,2.215329942501089236e-02,1.045613221978107868e-02,7.209631225111850367e-03,-2.318554153591911339e-03,1.350573207936086142e-04,1.322788326698334273e-03,2.282477814853683864e-04,-3.503840744265785106e-03,-3.675147531466600032e-03,2.663875539965141186e-03,-3.772177628165600304e-04,-9.001362506077135658e-04,-9.133302562776774228e-03,-1.185738856972927587e-02,-4.070433309427924640e-02,-1.901040387807593351e-02,-1.189871882391568304e-02
-9.887365406780436114e-04,1.355019702655239563e-02,2.022989659984510136e-02,1.298583356267362689e-02,-2.305146163491869626e-02,-1.521690583987848899e-02,-3.036419732819059178e-03,8.138960529321330462e-03,6.370480687878681512e-03,2.190799340443691512e-02,2.125997053898396466e-02,7.345921532541729512e-03,-1.164102486110221713e-02,-1.432241667893493185e-02,-1.404380390072349459e-02,3.105306881884539738e-03,1.572544803067506096e-03,-2.735708791326948996e-02,-5.069521380502359231e-03,-1.438939957389300320e-02,-1.398101740021685802e-02,-3.223967509824501865e-02,-1.070107018253316222e-02,8.078548783295532235e-03,3.010296691604850972e-02,3.844632148935075815e-03,5.390892500780706392e-03,2.087333057980188060e-04,-1.503710645842340314e-02,-2.820827532541775665e-02,9.258477496687766636e-03,1.303020884636544585e-01,5.065080471889649161e-02,8.057527980205161922e-03,-1.477409814112957227e-03,-1.643802352613524947e-03,-6.661623892280285446e-03,-7.304230420262317232e-03,3.298545132077260536e-03,1.664714635084394660e-03,-2.912441424649299653e-03,-1.428417521833535118e-02,-7.580719613232960591e-03,1.122876733099204905e-03,1.841022099057351008e-02,-5.384058245772557413e-03,5.043488189930018378e-03,1.712685785520989823e-02,1.781671952012873691e-02,9.335830275788442253e-03,4.871703282288093739e-03,9.246040209161617354e-03,-1.358664112622670833e-03,-8.659173568551973774e-03,-4.298796312891249062e-03,-5.105769896650081893e-03,-8.437402805221148536e-03,-1.091683195248539621e-02,-2.625494525979094398e-02,-5.720254934681539769e-03,6.593734538999254484e-03,2.006762377674060904e-03,-3.359831471831570271e-02,-1.940358850808952818e-02,-9.887365406780436114e-04
1.899398837276015722e-03,6.923157753836167304e-05,-7.276437616730268600e-03,-1.425872244959638241e-02,-2.633582754203754595e-02,-9.728657001803761931e-03,7.101215219076075988e-04,-4.154290634467027246e-03,1.436719314259769960e-02,7.423029775819036877e-03,-2.236812398946458574e-04,-3.007707933337167190e-03,1.458186401616002811e-03,6.271498534374365420e-03,1.762484608591161420e-02,1.510514564853108858e-02,-2.457502433648786969e-02,-1.071563949606459988e-02,-4.654852000173132463e-03,-2.974207611021673775e-03,-6.160424010925119598e-03,-3.075860107642184801e-02,-4.165529096437408513e-02,2.459993108235688369e-02,2.415173923151771665e-02,5.491589737117438981e-03,4.530402020231211017e-03,-7.120700892031003957e-04,-2.637912600820911755e-03,-4.167330981081203423e-02,3.077384906290562758e-02,1.972160099214029516e-01,4.840940845981749757e-02,1.997405522543223982e-02,-1.097173599273902449e-02,-9.151709843996694640e-03,-9.855740421579103211e-03,-4.651993103192691471e-03,4.014640617503808379e-03,3.788317597894699709e-03,-5.432446323407200822e-03,-2.219472943114224328e-02,-2.771238629678304918e-04,2.123694487547004434e-02,2.440990562328686914e-02,1.034431992659937127e-02,-3.618844164553057519e-02,-1.965451194362552965e-03,-2.219654570925641774e-04,4.334101117298144214e-03,8.460717266408835507e-03,1.744896692929882517e-02,2.579936876482455312e-03,-6.806641266010960215e-03,-2.950519070303214610e-03,-5.501901518859451945e-03,-6.054314046299675775e-03,-3.290085864683444522e-02,-2.710676926570272996e-02,5.964709243549305836e-04,1.350513415392360674e-02,3.117706711631529348e-03,6.942024837060342679e-03,9.230826233301896167e-03,1.899398837276015722e-03
1.883495548731013366e-02,-1.032196163843776722e-02,-5.003219798607080188e-02,-3.314028527260462487e-02,-2.436811361835515555e-02,-1.499936543968276130e-02,-3.142280602288941710e-02,3.027812780323488936e-03,-4.646809728984728494e-03,-7.891148099193305218e-03,-9.536926645192716351e-03,-1.046166807422431629e-02,2.877578613741428593e-02,6.814260914459777108e-02,2.659410240307409894e-03,-3.190874326969014158e-02,-4.851322546642028444e-03,-5.517729867724297660e-03,5.707702735461952018e-03,1.272842569150463982e-02,-7.474876596245883485e-03,-3.870806179115825110e-03,-8.124105086085740488e-03,-7.502484276020350042e-03,8.297379369090888621e-03,7.691411113051782773e-03,8.896117932753140611e-03,3.435588636035589050e-03,6.480636321310688681e-03,3.677885925709665355e-02,1.033793504783959150e-01,2.862540453003562836e-03,1.693939121239977641e-02,-1.104078193220867131e-03,-5.280942152345060453e-03,-1.213888710755453050e-02,-6.412802385630727436e-03,-1.426046605449608296e-04,-1.372400092848104821e-03,9.378289566683775799e-04,-1.008222728901374179e-03,-5.738443537199597929e-04,1.076608680773686981e-02,3.064627148618826770e-03,1.226967086665249878e-03,3.570725231311477899e-02,-2.622842044305867884e-02,-3.777000917929314305e-02,2.805835969972201530e-05,-3.077868536449370265e-03,2.304251632186902002e-03,8.079435502698584194e-04,9.511043237773414080e-03,1.017508273377514937e-03,-2.865919408892628716e-03,-3.480683704771459549e-03,-1.729155637764756212e-02,-1.095603906733680181e-02,-4.859470253198246506e-03,-3.286898685548344558e-04,1.167883016454417675e-03,8.516623447589849807e-03,2.104072292122035129e-02,4.506465982969479894e-02,1.883495548731013366e-02
2.037750535548454520e-02,-3.516146311350983999e-03,-2.651416942649590172e-02,-4.909281169721261412e-02,-7.299664617937331491e-03,-1.635834749456754975e-03,-5.890209443680798074e-02,-4.679134436930678861e-03,-1.975851804796039787e-05,-2.098391144826416976e-02,-5.202678210275145376e-02,1.388340094149509603e-02,5.176613638717308952e-02,4.874006297046447507e-03,-3.249683412499945051e-02,-1.948395158580118469e-02,-3.633875560957748607e-02,9.000401170704445258e-03,6.784659697743300466e-02,2.880713452186802782e-03,1.418247991198239185e-04,6.560863220002095429e-04,1.824949774968406477e-03,4.031354987116114556e-03,-7.550909613120221006e-03,4.818903727542881658e-04,7.532920491118836378e-04,3.691585778979167461e-03,1.785560700302227938e-02,1.959962767358476854e-01,6.439798962106378644e-02,-2.331881656454118726e-02,2.388443734633543636e-04,-4.437183468049010066e-03,-6.898833522481408013e-03,-2.276180057068412539e-03,-2.755858784115391459e-03,-1.106131409310633345e-03,2.189931765091982820e-03,-8.268549771608128991e-04,1.197991307441321346e-03,4.053900686439253567e-03,1.066161242202475282e-02,-5.649869729056969381e-03,-1.047097717375602369e-03,1.868625883036215476e-02,-1.233105990733618200e-02,-5.905960670346983854e-02,-1.507552352456366374e-02,1.981684409419239880e-03,1.684361916640516850e-03,2.225413369526127016e-03,8.467008569568550136e-03,1.418751356085893103e-02,-6.589917022735414069e-03,7.946096511914190873e-04,-1.918324318115611701e-02,-2.294825477609828412e-02,-4.676771125901605687e-03,2.552748553343393758e-03,6.278771934242402021e-03,1.443296540411341360e-02,2.860265198387466207e-02,2.918983283089260708e-02,2.037750535548454520e-02
1.155297050475714111e-03,1.653758807690254703e-03,-3.674807416887195324e-03,-2.113531612737284265e-02,-7.423419221058488900e-03,3.005041834981510632e-02,-1.700091970560075163e-03,-5.486839289969257238e-02,-8.990311437700827801e-03,-4.229873437484704159e-03,1.467216278248973348e-02,-1.801239402000992876e-03,-3.763540511901649222e-03,-1.204587314550951971e-02,-1.064589244531444212e-02,-1.776090453513662695e-02,4.975801393397869584e-04,3.833310117941200051e-02,1.166964672773516606e-02,8.871280967593108552e-03,1.847547605809403675e-03,-6.581221071826755427e-03,-5.184387100590625609e-03,9.632922984825736511e-04,2.886143282067644717e-03,-8.553253693258114354e-03,-9.040048583217658376e-03,6.576406490533828753e-03,2.532524506526681943e-02,5.010604287973591253e-02,3.417496919954747525e-02,-9.950942426362560655e-03,3.904902208444208534e-03,4.730360548613403264e-03,5.102762111408273237e-06,-9.455409170921506238e-04,3.952323599363586314e-03,-5.683797168421287748e-04,2.726109282993853609e-03,4.842574831069131579e-03,1.376280465361797704e-05,8.239218543166761111e-03,-8.245647509050029605e-03,-1.041988377460519380e-02,-2.428876292424047081e-02,-3.320171107126118105e-03,1.311373782408488051e-02,1.421916405816578540e-03,-6.323451111337329879e-03,-1.209698289776037043e-02,-3.323618000723483311e-03,1.484507323212169369e-02,2.422807230747580243e-03,2.260294986053216701e-02,9.311130583802092534e-03,-2.260945780672352773e-02,-2.007833377158445981e-02,-2.852726266333770189e-02,-9.744682310752027579e-03,5.183261772451398623e-03,3.222536251551524206e-02,2.220161591398838244e-02,2.521364344802834445e-02,4.379146635349440153e-03,1.155297050475714111e-03
2.643390486630226802e-03,-7.870449697851143039e-03,-7.223711318540358868e-03,-7.685430464507053520e-03,-9.551037828581586224e-04,8.383557774934647516e-03,1.651746067360188031e-02,-3.233711025858355959e-02,-3.323795506536549038e-02,-6.708697353967491180e-03,4.479232786281569026e-03,-1.214572631323203485e-03,-2.135932691909837866e-02,-1.414418409861155530e-02,4.782681567803387070e-05,7.376974840289284019e-03,2.543572042533253155e-02,5.510594483440351939e-04,-1.797637110585145574e-03,5.715065426147261651e-03,5.544276274194047567e-04,-4.973052683852175783e-03,-5.277081782236140751e-03,-5.000921879009131293e-03,-5.264812925949412421e-03,-1.517168263774791451e-03,1.372434075877399916e-03,-1.641033003201720648e-03,-2.649606558373052752e-03,4.513418409646988150e-02,3.750992551690944098e-03,-5.214132553213183391e-03,-8.181970506616544070e-03,4.587771294372289602e-03,9.564237212621142653e-03,4.008361517785754592e-03,6.153864036496654866e-03,2.078630186808313324e-02,1.368137520991459999e-03,9.854994421318746117e-03,4.299786077774412664e-03,-5.476072149823732428e-04,-1.698660670669652900e-02,-1.768868610294856494e-02,-2.574320168468997860e-02,-3.535143310210580453e-02,3.484827683081057059e-02,4.651526367831434333e-02,2.165300406592000904e-02,6.565933779530749338e-03,3.562218938493616396e-03,-3.821516362800932588e-03,-2.217381454782025446e-02,-1.996179115735133638e-02,1.492185369270001985e-03,-9.260954507485158124e-03,-1.888369114068720383e-03,-5.160458515444682308e-03,-1.170905198506744238e-02,-6.456675571802656267e-04,1.954543184130625236e-02,1.811381083699041897e-02,6.541484957641777696e-03,1.997957668116237887e-02,2.643390486630226802e-03
-6.576882187231329439e-03,-2.209869643495893793e-02,-1.482290007652289736e-02,3.769806883996432156e-03,-1.587222130879385349e-03,1.007438347420807441e-03,1.907917918026888092e-03,-7.708183045411538424e-04,-6.079493670791695677e-03,7.867993872618707103e-05,-5.119845339291365441e-03,-1.382620516883014544e-02,-1.913950071517248053e-02,-2.254249962928629725e-02,2.086585629764349406e-04,1.913740148858133214e-03,1.029574242740101571e-02,6.853906826678431326e-03,1.356468623385545698e-02,7.214133952138247763e-03,7.733160610889434732e-03,2.338284636872263358e-04,-9.219217556239099956e-03,-6.707541299817046214e-03,-3.206261472270620361e-03,-4.394120476087014920e-03,5.142379783659359717e-04,-3.871933680297892817e-03,8.190873681398478864e-03,9.618205907716963557e-03,-5.319984838992842038e-03,-7.036518256018572080e-03,-2.143135761304525155e-02,-5.885119994298311508e-03,9.916880398478428518e-03,1.520929634615884526e-02,1.604206974406783767e-02,3.089713088710197356e-02,3.974537387677175293e-02,-3.543327984586114250e-05,-3.152964181780469437e-03,-1.494718844041424688e-02,3.814145532359755359e-04,-2.575237808891215480e-02,-1.710094467354013456e-03,-1.947322347390537459e-02,7.233497918307445033e-03,2.027800194633629094e-02,1.078591391465808652e-02,2.180777882590257538e-02,1.638866539312963666e-02,4.960040728849964518e-03,-5.197537156699670070e-03,-4.607714611481977113e-02,-2.266433733690014635e-02,6.301699055054199063e-03,3.263495884143050810e-03,5.820971404568385174e-03,2.696692640676594342e-03,-5.167293284084129371e-03,-9.536454807184874261e-03,-2.272233720534498191e-04,1.817051071668143031e-02,1.304899717645679330e-02,-6.576882187231329439e-03
-2.964711974859993160e-03,-9.287442213350744977e-03,3.430220553164735255e-03,2.687278897687721442e-03,-5.929103563232445513e-04,-1.236766202006109143e-03,1.584018324916250126e-03,1.532665971104585356e-02,1.868397122927046780e-02,5.866922965427044841e-03,-4.775246316356787646e-02,-9.265418938730439610e-04,-9.510652154773613712e-03,-9.610482004311408921e-03,-6.829466456380374646e-03,-1.186105876152857122e-04,-3.374828285099032345e-03,2.452545529624990117e-02,2.915789454283962759e-02,2.070496573884947691e-02,8.987274401456447903e-03,2.247347365758671413e-03,-1.645226163307052193e-03,-1.393122012596889094e-02,-9.103829274660574580e-03,1.319569885568855046e-03,-7.569895126065052156e-04,2.768177820632923211e-02,2.114933437956411852e-02,-3.019383514395642450e-03,-7.185055257424279029e-03,-1.700005064541302777e-02,-3.310732925963324330e-02,-1.627461463463412278e-02,-3.001049371143152227e-04,1.126065339147160754e-02,1.773331692200403112e-02,2.699428144419995651e-02,9.005245228689348971e-03,1.375848280069209839e-02,-2.098428619080967752e-03,-9.053620683930870341e-03,-3.581279736774306208e-03,-4.197708762894334159e-03,-1.126577148799146532e-03,-1.703596063676015779e-03,-2.375678877690545233e-03,-1.177371913154061193e-02,4.872468996696702193e-03,1.926987837803167958e-02,6.970527228342779380e-02,-1.772842813572008975e-03,-2.805961897385761752e-02,-3.122187460223461129e-03,1.775736447559428952e-03,1.198977452809199193e-02,1.406443318639548010e-02,-6.961826288642445834e-04,8.526042586164296741e-04,-1.487799567852256602e-02,-1.377039646727562863e-02,-5.955782516272388298e-04,8.297262118048882211e-04,-1.146608349260780021e-02,-2.964711974859993160e-03
5.445604254827013895e-05,4.788877895184570112e-03,1.136345125416407184e-02,-5.085853823809128324e-04,-1.491594784524484632e-05,-2.304567157698399465e-03,5.958918383608787644e-03,-5.844986557553478144e-03,3.669469320507228599e-02,-8.031662542350820680e-03,-2.076357925183837556e-03,1.320105789997002947e-03,-5.768526007253454296e-04,-8.952350769040462583e-05,1.299039753859473911e-04,2.142776563724472366e-03,3.876420468294834547e-03,1.471642733612736446e-02,1.666567407681889684e-02,6.877799312292874265e-03,-1.037432262650459132e-03,2.236906304193515133e-02,-7.281342361213397410e-03,-2.395504320132628776e-02,-2.443993257041442158e-02,-2.634627340840767890e-04,1.259099223602006164e-02,2.790937415331200960e-02,7.991696566200202564e-03,-2.670120225941100683e-03,-1.103944452244151608e-02,-6.629294083818320325e-03,-1.184317198140880621e-02,-2.763118325839792819e-02,-1.146477446009101266e-02,-1.358889358846587488e-03,8.626900472696458211e-03,2.573297262945667060e-02,3.246356079460495370e-02,7.205530104849877833e-03,-2.145822096797588528e-03,-2.683881824238601790e-03,-4.353839424327994589e-03,-3.990047576870787288e-03,-1.825267560995550570e-02,-7.298257371087208756e-04,-2.148659008512006884e-03,-1.994628221783197042e-02,-5.344362556916294402e-03,1.323615946240739270e-02,-5.004952407609893766e-03,-1.756439459437329764e-02,6.904447035276831124e-03,3.383440008391402215e-02,3.197275573338469873e-02,1.197159041421218609e-02,3.330827589838642085e-03,9.813811041137685248e-04,-2.332958637076161350e-03,-6.146413694302039349e-03,-1.229985000105093991e-02,-7.440184334048844002e-03,-1.868440304699642979e-02,-1.557814562915528327e-02,5.445604254827013895e-05
1.556553876782460020e-03,6.194674834327932103e-03,-1.851298960341237929e-04,-1.552179664088726603e-03,9.873730209941914326e-05,9.983712461904164712e-03,3.957235711586139758e-03,-4.530181421928288626e-03,-3.283143854687930324e-02,3.974373148777693952e-03,2.537407962906604916e-03,1.265530411935761931e-03,1.734414090913485168e-03,7.482274729915118494e-03,5.611856220433031339e-03,2.191421274295041882e-02,3.511030270701243766e-02,-2.689231082813002809e-04,-9.598988163234449533e-03,-1.036580392920026170e-02,2.843759202109106318e-03,3.537909749529060538e-02,-6.770887738834386639e-03,-7.646502491221042475e-02,-9.080501391226380656e-03,5.951196970546913413e-03,1.715444024099158082e-02,1.216856080089032122e-02,4.564385557285077256e-03,-6.448469701439131681e-03,-9.949342730088610136e-04,-4.277870808242204524e-03,-9.528753299518884570e-03,-1.468618139224895161e-02,-2.972214232985445626e-02,7.890254228269620303e-05,1.081583797501055669e-02,4.672337968078180137e-02,3.792296456941290916e-02,2.431191467990536856e-02,-5.316530327105942026e-03,-2.165881694074740793e-02,-4.647947050906803268e-02,-2.314188751842059452e-02,-2.127956441214277905e-02,-1.400569459824300977e-02,-2.859533799479137620e-02,-1.364831931212376250e-03,3.703236405954945815e-03,-2.043872377533629756e-02,-1.365881087331265523e-02,1.408468473120679659e-02,3.709313211883198680e-02,4.289636745232907472e-02,2.140855029115569519e-02,1.725489137910214688e-03,2.168289847596658552e-03,8.553788933166647790e-03,1.597907524213220548e-03,-6.156977707254965640e-03,-8.373519740720418436e-03,-7.723003520743086658e-03,-2.346157070437722772e-02,-5.930266873875864042e-03,1.556553876782460020e-03
-1.959313742025987383e-03,5.462641091060853587e-04,1.412779830361628978e-04,8.327386526785811793e-04,2.802324194210169782e-03,1.001904271918166792e-02,5.605726150006496052e-03,2.482543368075702458e-02,-2.243434751687628514e-02,-2.261055983613863979e-02,3.047951711366102007e-03,-8.638189109448956085e-03,1.545231774847091039e-02,8.396955453169773625e-03,1.787023590262952488e-02,1.638269446430871967e-02,1.215391992934271477e-02,-7.384180769679186442e-03,-1.189708396162890425e-02,-2.505975889738757539e-02,-1.341884322756022908e-02,-2.035976607642585659e-02,-3.238701534019850121e-03,7.386446246563693578e-03,1.372863534171970407e-02,1.970675218458251346e-02,2.975741876168216601e-02,7.361212115575029372e-03,6.517092780043852365e-04,-1.253162349597419312e-03,-6.333021180684540773e-04,-1.440346970959005156e-03,-1.031950786654092789e-02,-1.545081283414386289e-02,-5.769256547817974527e-03,-1.615845937641515601e-02,-4.801788462890631617e-03,4.157762694157285388e-02,3.468033182939611603e-02,1.957167065572898781e-02,8.461667411645992440e-03,-2.468712220426130810e-02,-7.714943304681655400e-02,-5.889112821344957144e-02,-2.737260788679586609e-02,-4.574937054808107112e-03,7.842585156754787110e-03,1.028710789095001014e-02,-2.127211011391712953e-02,-1.085541883380118471e-02,-8.353030087586154478e-03,1.949149198471863964e-02,2.850645565538119722e-02,1.797911787126953848e-02,7.861784768123743564e-03,1.687758054034188895e-02,5.809324821501760973e-03,7.367009704440356625e-03,3.330285762544796507e-03,1.971085775521952616e-04,-1.405613473700356199e-02,-2.104763955518411736e-02,-1.544799398983915696e-02,-6.571015367883036896e-03,-1.959313742025987383e-03
-5.102189117386537152e-03,-1.139632074820069209e-02,2.421550217484750439e-03,1.537023688306259593e-02,1.203692345230040865e-02,1.088048353321159969e-02,5.571897772118199373e-03,4.919922374850710552e-03,-1.935224417726052895e-03,-3.846414110236422157e-02,3.536265111297899957e-03,5.542930151387551532e-03,1.451519377338813047e-03,5.079664157632742157e-03,2.367900512837467497e-02,1.730589711746554488e-02,-2.966991913407185811e-03,-2.015587590996695266e-02,-2.759434761069957248e-02,-7.737148126243554788e-03,-3.839309429717682742e-02,-8.507613065283203824e-02,2.251210079866991075e-03,3.332265527847388248e-02,4.493638482207196888e-02,9.437156261722184913e-02,2.916339940230767633e-02,4.146817485989960639e-03,4.822208203943679464e-04,-1.871722017866035020e-04,-3.349589603594568896e-04,-7.313730301899190600e-03,-8.619619249216762050e-03,-8.409019246584962734e-03,-4.644442740244694896e-03,-3.440352510941240959e-03,-2.364394884806574927e-03,-6.341132464784454605e-04,4.170811511506136889e-03,6.968245476930252317e-04,8.365711447963635220e-04,-2.149839648434901003e-03,-1.921670272341202690e-02,-1.577435075177157850e-02,-1.478731768253217175e-03,-6.177371342411127307e-03,1.995797687173557836e-02,3.108015680306240244e-02,1.548937887157518165e-02,-1.932581402658840181e-02,-3.620190408311319691e-02,-4.088912002874253428e-05,1.206723688029010151e-02,1.877842131061747619e-02,5.865561955214888996e-03,5.982640055012633344e-03,1.529595591214380663e-02,5.130802265450599281e-03,1.330571047240249483e-03,-1.981996377196088683e-05,-8.882339100082492153e-03,-2.872851518733320411e-02,-8.851836322072530183e-03,-1.648549698653593507e-02,-5.102189117386537152e-03
-1.888072165308497460e-02,-1.642901982034694446e-03,7.072173128050072456e-03,5.919055975397455836e-03,6.465970660241773284e-03,8.927884234234196789e-03,6.419399772987484029e-03,3.691463035372180850e-04,6.957461766921279591e-04,-8.328042970771283365e-04,-2.065543169393625755e-02,3.905211380219223306e-03,2.475765822526440618e-03,-1.266164686968856631e-02,1.658936629418126044e-02,2.973322840249635265e-02,1.793031411445587288e-04,-5.220736372800710567e-03,1.935637521360551987e-03,-4.310038395619737034e-02,-3.273469500579460900e-02,-1.852332315822862938e-02,3.635666690332187319e-03,3.335227515860069575e-02,9.433462087061419976e-02,3.043166612368550933e-02,-3.528373444006694380e-05,1.816397140324284938e-04,-3.473964812243499848e-03,4.892758726094107889e-04,-3.550424123560830779e-03,1.999950973690126858e-04,-1.522954772612956876e-03,-3.386678850019485851e-04,-2.760143834030076831e-04,2.755079895953155104e-03,1.113236107676807661e-03,-4.952489975088484458e-02,-1.348159860303869105e-02,-1.397147089139544850e-02,-3.166318049233055130e-03,2.972318503721189270e-04,9.431640507729367046e-03,7.332805759342148587e-03,6.139267579297782822e-03,1.121549994610813832e-02,-1.327440874735516052e-03,1.515564857942260611e-02,2.418776164918301150e-02,3.618351562649700821e-03,-5.518588066603229711e-04,-1.356261557949486017e-02,-2.351307720733036583e-03,7.035898409225073598e-03,6.824510482887359217e-03,5.904088727985932214e-04,-2.207588259748753234e-03,-4.952112887910281591e-03,-3.615649488731985839e-04,-1.025803664576380083e-03,-3.102546242400179653e-03,-1.474842787731515774e-02,-1.403579810016827509e-02,-3.908911323600370614e-03,-1.888072165308497460e-02
-7.362365181078181151e-03,9.376033820418280384e-04,8.992060835866710553e-04,9.913856261540520548e-03,5.055121725958819194e-03,-5.758220618156356760e-05,5.200465820023291710e-04,1.145273084847251224e-03,1.686118363177526369e-03,1.335347797319817037e-02,4.605721609005404386e-03,-7.484760172081016127e-03,-3.409669838139475946e-03,8.502329723034766917e-03,-1.029203105098706710e-02,-7.278389975156585381e-03,1.223215990891769181e-03,1.932313578920505457e-03,-1.256676204047338895e-02,-3.594885750378034456e-02,3.923453363963929665e-03,4.802639444658821956e-03,2.365853022097593600e-02,8.019004411686826705e-02,1.909657789671042466e-02,-7.717706812847979422e-03,-5.120957638556663041e-03,-1.595086069242160343e-02,-1.187697693236743762e-02,-3.560670383274384173e-03,1.988251097232535472e-02,-3.177393473586925463e-03,-1.534443056553578362e-03,1.898101085710009043e-04,7.035586069255360315e-06,7.790931902045110553e-03,-2.451891789469670940e-03,-2.567649661699575314e-02,-3.674713765377651126e-02,-2.323614554397927454e-02,-9.444516204259414960e-03,1.291130002531947797e-02,2.052914674613772958e-02,6.659350047820411338e-03,4.064876713278895576e-02,1.418687730641759147e-02,1.002450313910269002e-02,-1.155603700567888668e-04,-6.280270308451599455e-03,-1.671875449337487107e-02,-4.780278399470309046e-03,5.953927765117807136e-03,6.279424097334111721e-03,1.053477824555800087e-03,8.285505181090802376e-03,1.628852895933768875e-03,-2.117709850185988882e-02,-2.662968774981263123e-03,-5.951943738433194270e-04,8.399737681835514266e-03,-7.837150079957956247e-03,-2.046559791305817624e-02,-9.738472592914123802e-03,-4.047740001420584328e-03,-7.362365181078181151e-03
3.393362509720834795e-04,-1.142939415257118035e-02,-5.929098149040339799e-03,1.496431976914860268e-02,1.335511404778579221e-02,4.077475506372803607e-03,-5.087424289158636384e-03,-1.870718373156991798e-03,7.600577321794270771e-03,3.230270852284582248e-03,1.370044447152318247e-02,2.037262286299410668e-02,7.133754244242578382e-03,2.019473876703569044e-03,-3.084020793456870163e-02,-7.055621883077965728e-02,-1.456650345321938191e-02,-3.146664176283455600e-02,-6.359267560213047177e-02,1.602242091510852314e-03,1.091871482789230109e-02,3.544131833951232741e-02,5.665074706191500914e-02,5.078117416298620623e-02,1.372307699214320165e-02,-2.172933219409376240e-03,-3.120655405003629895e-02,-3.764885798747863443e-02,-6.869394876295658453e-03,-9.593108352355893525e-04,9.123814486203797548e-04,3.297340459254412964e-02,4.193804675062125752e-03,1.967345330092313844e-03,4.713560859244247253e-03,-1.091458445995860480e-03,-4.011194010958066963e-03,-2.020664341974295550e-02,-2.641353865983188040e-02,-1.312544217294952381e-02,-1.792153438416554034e-03,1.215837667924502680e-02,1.808296404145940187e-02,8.309097248019876869e-02,8.949435607950499347e-03,-2.247795630501211051e-03,-2.094432277338765039e-03,-2.084633113816878464e-02,-3.792063253240690601e-02,-6.471940517645631899e-03,7.240216611002122868e-03,-6.009175835004410514e-03,-5.866684067989584063e-03,1.049106847176172050e-03,1.480635151305475551e-02,3.857380137346452017e-03,-3.105910069558896324e-03,-1.531371198621103843e-03,1.752118192179278472e-02,2.769728384058358847e-02,-1.370870589995109093e-02,-3.957063397285068979e-02,4.301081146922393849e-04,-1.500554617594462197e-03,3.393362509720834795e-04
9.920214889239766572e-04,-4.924572209092970889e-06,-1.998202750056642368e-03,4.178756464498702844e-05,5.421406346420539098e-03,-9.713291471440692239e-04,-5.835566750397677303e-04,-9.847406412222233299e-04,-3.154678222469311805e-04,2.239008439024083811e-03,7.127854864293289155e-03,3.552366269583852147e-03,6.926079005252033967e-03,-9.168506171939162872e-05,-7.620145112787081801e-03,-2.157693916535535078e-02,-2.907467129112721593e-02,-3.502352100148656278e-02,-3.097573484460184115e-02,-1.484707761393989738e-02,2.039351335411451749e-02,3.473877745850508653e-02,1.903787057046193651e-02,1.060218446187347931e-02,2.360889965133553935e-03,-1.245730686218606866e-02,-1.565073116770840725e-02,6.915342771399322561e-04,2.274654120914277808e-03,8.271496790522518249e-04,-7.930818800196064861e-03,4.746488987512984675e-04,5.449095088325642267e-02,2.339819090918576761e-02,1.143430052224437589e-02,8.244402462727354547e-04,-1.620152428660174074e-02,-1.866647781851120749e-02,-1.887254788913142814e-02,-2.955414626320098607e-03,1.786893478161682286e-02,1.120166060485679356e-02,2.071614213803082277e-02,1.103146970358236979e-02,-1.183698752467925814e-03,1.046816291128974813e-02,-2.483384896018956192e-02,-5.581202689709350434e-02,-4.496615201956637164e-02,-5.132338052753604614e-03,-4.683314223830316314e-03,2.340145425800998265e-03,1.297363293420393830e-03,4.129175216139684395e-04,-3.115872319498808485e-04,5.521035207095531354e-04,5.990142331685586498e-03,5.704685699038123531e-03,-1.858653087024491170e-03,-2.096888641198417849e-02,9.536270184396136284e-04,2.842808625381535240e-02,1.344689756288243877e-03,8.553776167137679479e-03,9.920214889239766572e-04
7.300221797463557830e-03,1.610142454790913433e-02,1.327237788708862968e-03,-1.272664939289764631e-02,-9.012105268414102865e-03,-7.283168082253274958e-03,-1.177565658047129583e-03,3.531786795095537669e-04,2.225910013707410855e-03,-2.431280852213002063e-03,-1.863490788098598569e-04,1.119253104290235563e-02,1.059608189846577772e-02,2.470134761831051066e-03,-7.887905981628147867e-04,-6.688929059408617490e-03,-1.842569777183089216e-02,-2.667524819128833102e-02,-3.663933755722425384e-02,-2.831853404665620952e-03,9.021465487829408159e-03,1.032340494271515030e-02,2.348073538122967627e-03,-1.426601687328598548e-03,-1.046716178971787876e-02,-2.897046531243406380e-03,2.982115805570950684e-03,3.372816686388497957e-03,5.587880459516245298e-03,8.008394468910039329e-04,-6.641567147102107210e-05,-1.545038466265227914e-03,6.141927879006170085e-03,3.060029188228473654e-02,2.677748724566446012e-02,6.857456553542930244e-05,-1.753263020569706052e-02,-1.573921143252056398e-02,-1.485499366837065259e-02,7.422767989659383777e-04,6.584576044952743755e-03,8.793340220830151224e-03,-3.392841104161188094e-03,-2.999124791104639410e-03,8.907354324080152611e-03,3.644585685121790996e-03,-2.190095882625268942e-02,-6.167165205057520416e-02,-4.581931024375669910e-03,2.135409547799520594e-03,1.350942514779810083e-03,9.676126588959570521e-03,8.408973721059259318e-03,-6.056208439150869739e-04,-3.630382739430620172e-04,8.881999943084911177e-04,1.436459489468725446e-02,-4.133494778625822381e-03,-1.873718811307289664e-02,-3.415477419161661032e-02,1.892352917700797221e-02,4.466240247472471475e-02,6.145991833543280360e-03,6.227644357379064771e-03,7.300221797463557830e-03
2.444598323596786776e-02,1.553233632431637225e-03,4.585936008000848448e-04,-3.431812087094817700e-03,-3.836367464235351105e-02,-1.747413863682202931e-02,1.033738657380716189e-04,2.872237429005383008e-03,-3.073799861468337266e-02,-2.531842842728111026e-02,-2.372095776161125668e-03,8.730753324907252963e-03,2.237929416617353770e-02,2.481824134386541661e-02,1.075985724012045071e-02,-1.691221324357252559e-03,-1.178734075377204553e-03,-6.122964180113502075e-03,-8.997526376903962298e-04,-1.967482990645290353e-04,-6.321706185297147271e-03,-2.348537781571207426e-03,-4.359359370409484485e-03,-3.776367727185164932e-04,-6.446495799623798602e-03,-7.186113653104605602e-04,-2.593578548502881165e-03,1.779951431002056630e-03,5.668070483792247462e-03,-6.372735664481554881e-03,1.339514568699001719e-03,6.954829403566556087e-03,9.706275955818471565e-03,1.828401192970228453e-03,3.439775047577587480e-02,1.869313539398639737e-03,-3.415789491248517884e-02,-1.110952759614119469e-02,-3.539561031093164598e-03,1.123244633415710530e-03,-5.024477690342948454e-04,-5.213411527828603134e-03,-1.583066215984435196e-04,-7.223566922111304689e-03,-4.490780254417651995e-02,-4.295506962149318181e-02,-1.402503123296652712e-04,9.887101159162159716e-03,-5.124026955167874757e-03,4.396866141394387834e-02,2.892236316189981948e-02,1.421487970894140182e-02,-1.391941022004048812e-03,2.096577671810768116e-03,8.535985694090345369e-03,2.342933309822255519e-02,2.768141406510120058e-04,-4.659488736905326167e-02,-6.458958056180967577e-02,-7.246284146986091239e-03,1.127146991156568849e-02,2.630698174805896905e-02,1.425755900979113790e-02,1.616561956350798940e-02,2.444598323596786776e-02
-2.428251493296492255e-06,1.433726480195331382e-03,5.996418207054993697e-03,-3.042244743825150977e-02,-4.672688177049550556e-02,-2.591107041493549961e-03,-2.873836824753383049e-03,-2.516225390831522760e-02,-8.136136312094347303e-03,-2.652410856709240018e-03,2.064509286798820332e-03,2.838339029002732126e-03,6.277427434688041341e-04,1.550790621054035090e-02,2.124140451469257174e-02,1.042767512117872761e-02,3.810184665128976082e-03,3.573743719398140336e-03,8.754701476828179521e-04,1.152031122821566868e-02,-1.650648498299285213e-02,-2.046614050711424715e-02,-1.512767123143698295e-02,-1.701052254643196709e-03,3.226248566668131826e-03,1.238618540245136907e-04,-6.259180560373080876e-03,-4.137133047073247513e-03,3.577881508953684089e-03,-5.671124075130038085e-03,1.373321445029804071e-03,2.092382998101334490e-03,5.503929501344191275e-03,1.745088818759224373e-03,6.844060339535482096e-03,6.698363435840866582e-03,-1.631552000725363522e-02,-1.958505983225078753e-02,-5.802857535787129747e-03,-1.288515165411978705e-02,-3.943708238666260996e-03,-3.023158025184688284e-04,1.470852346945055724e-03,-5.727082359983145382e-04,-2.020408411048931971e-02,-2.995318335096981352e-02,-2.774747246623719861e-04,1.099799739969495446e-03,1.365968890790697022e-03,5.856318416091509799e-02,4.991199328706304866e-02,9.790526786944650527e-05,-2.166439792746145676e-03,7.489643959131978522e-03,2.023941798904124300e-03,2.603857705838160883e-02,4.351152842149332706e-02,-2.471289773199145806e-02,-2.612673059660298655e-03,-2.026427994012304146e-05,3.317154176067579462e-03,3.829253426249030774e-03,-6.343520280703567223e-04,4.326905594143257844e-03,-2.428251493296492255e-06
4.165143233368178571e-03,1.072640092326915436e-02,-5.302745882857233528e-02,-4.324445638725141206e-02,-2.741924170883214881e-03,-6.352320794798528916e-03,-1.017968280225546585e-02,4.706953089981399767e-03,-1.674439531986228458e-04,-4.838791789708142901e-03,4.107397783688220699e-03,1.221931974910786360e-02,-9.770330070594370007e-04,1.959453546610343683e-03,1.341063078860139750e-02,8.512778536313854796e-03,6.368638525647319325e-03,1.250524261146476225e-02,7.840938082353254845e-03,2.836880152294752721e-03,-9.931317688717090572e-03,-1.280586984806780966e-02,-4.076690613220775375e-03,-3.357459116293448533e-03,2.752134002730784179e-03,-3.988694622258618532e-04,2.322160162929770132e-03,-3.935922662849398535e-04,-1.733397730745907597e-02,2.230384596321433825e-03,-1.892418308492498352e-03,-1.102201120091481166e-03,7.306309857072131346e-04,3.558905109184996965e-05,-9.313597796327809097e-03,-6.309465307099893470e-03,6.266888867569138030e-03,-5.143648078075969098e-03,-6.433203187969177735e-03,-8.619147616850631952e-03,1.576707831078277432e-04,1.900643217681892297e-03,-1.407396245739336643e-04,-3.087391997507117365e-03,1.337216212498518306e-04,-1.179643757274086331e-02,5.958632064952069929e-03,3.240025812134395000e-02,5.426046956304678842e-02,3.689168581596487598e-03,-4.958711403624207169e-03,-1.782011115849424163e-02,-5.339635724233474752e-04,2.890286644595104447e-03,-1.021502241969257706e-04,-1.544447698273473599e-02,1.077348749004638584e-03,6.035873585627843374e-02,3.623233086035543282e-02,1.609241632315204160e-02,-8.794496169899898574e-03,-9.137232152931143783e-03,2.032383611007997255e-03,-9.269303518917191773e-03,4.165143233368178571e-03
-1.974563787839264239e-03,-3.840112520866940937e-02,-1.038802685513047497e-02,-4.725567714811845527e-04,-2.998358193490821035e-03,-4.969962311417703768e-03,9.046618779144031605e-03,1.563131870368078546e-02,1.860404383852154453e-02,3.388045027908147960e-02,4.975529899339696700e-03,-1.153670519011990893e-02,-1.629141119816913258e-02,-9.492062207061438203e-03,-1.623077338736742328e-03,2.751397067014810412e-03,5.687090647113457985e-04,4.890626693893189783e-03,7.643596558663354190e-03,5.167945825003745402e-04,7.053840774489761843e-03,-4.701846959061429208e-03,-1.607769255440522950e-04,2.665868670259277391e-03,-4.611807059118364603e-03,-3.934410333240105813e-03,-1.718414499998385933e-03,-6.379447626980686882e-03,-1.184945706026686169e-02,4.755400809310936748e-03,9.658091060801405302e-04,-9.130377807794990905e-03,-2.811177618558221344e-03,-2.245170691903478467e-04,-1.388921834544851013e-02,-8.674839171447167388e-03,1.245583635645897223e-03,8.232551575131625762e-03,-3.994859948077040396e-03,-4.570621955334704979e-03,-2.800379721329927622e-03,4.070809879650651684e-03,1.196600252865171084e-02,3.526662802593022168e-04,-2.990459971135476288e-03,2.346260021804990291e-03,7.654260594765835944e-03,2.811484302221028964e-02,3.541414196857177454e-02,-8.099926418837414752e-03,-8.812329043845757576e-03,-3.629383210759939971e-02,-2.770738162571374785e-03,1.226328023549054687e-03,-4.351424219647136203e-04,-1.615248929422696128e-02,-2.598711266769922548e-02,4.647048558028241128e-02,4.679276317414930025e-02,1.128097270934183202e-02,-2.475492195127968614e-03,-2.178370601013806650e-03,-2.194785902802756043e-03,4.339273773072661704e-03,-1.974563787839264239e-03
-4.677436782158753831e-02,-2.113765833730203453e-03,9.014768340745477233e-04,-6.292625042377683001e-04,-2.366639798666613989e-03,-3.046766873333445181e-04,2.542787441450998845e-02,1.100761147340167112e-01,5.255571830411556733e-02,2.369964039472673492e-02,-2.899156914086597412e-05,-1.207072262314136217e-02,-7.372904675081118180e-03,-1.443912976400604613e-02,-1.292912808206012933e-02,-3.131701141941343851e-03,2.850233241193973624e-05,2.078302852459636840e-05,2.962392686413554792e-03,1.130525942179571100e-02,6.250615991362911197e-03,1.649691208220313912e-02,3.379825286218237496e-02,-9.209343966259863831e-03,-1.786978336406435872e-02,-1.053902993651073886e-02,-9.913054144976764237e-03,-2.717674766615844895e-02,-9.263235825250574346e-03,4.127967632545250301e-03,2.972711395976144946e-03,-1.871443198818889498e-03,-1.277645699563937590e-03,9.289583582935111985e-04,-9.673930038698146106e-03,-1.528145964850475581e-02,9.672224598168618903e-04,-6.681389912902510145e-06,-6.952147063272920424e-03,-5.633664780413928826e-03,-2.328646338467757644e-04,2.031712099642109855e-03,9.918669093246162277e-03,1.855260115366009002e-02,3.476709458598921127e-03,1.889709314372535812e-04,3.288127427409805095e-03,7.608195379713721292e-03,2.507367945516746858e-03,2.474388464572660831e-03,-1.992006294839412592e-02,-2.587587306974589545e-03,-5.027689432260352628e-03,-4.146230354664815084e-04,4.717670024870148916e-05,-2.338911665502520654e-03,-3.453061777141409276e-03,-1.579693991521420810e-03,2.292398537725171860e-03,5.990320468729314193e-04,1.045031612338839441e-03,3.938505995518646816e-03,7.609717171551280343e-03,-3.182719309169267530e-03,-4.677436782158753831e-02
-5.064773788000403315e-02,5.911197305420683515e-03,3.115290041470691884e-02,1.368201194230280957e-02,-4.855048885544473516e-04,-1.744120674847817257e-02,7.237466379420239709e-03,8.513036951035846123e-02,3.116079819131220563e-02,3.099884328523646107e-02,4.948691297110061234e-03,1.592872173161217738e-03,-3.928444584214227028e-03,-1.306172212739832757e-02,-1.005081763110653864e-02,-3.992171573841230697e-03,-2.382642278148723158e-03,-9.981600939915622524e-04,6.354842622940443022e-04,7.848535105985477572e-03,2.195082260977940930e-02,3.027983408965506315e-02,6.905493747955206846e-03,1.688768208637278457e-03,-3.858181886728576006e-03,-3.017278692721967869e-03,-6.709437170420238204e-03,-4.363142339901592698e-02,-3.348178357039348352e-02,1.603368844983460786e-02,7.539328022681493491e-03,4.370111509430078291e-03,-9.595739662604744341e-04,-3.006889231724383174e-03,-1.709573830053537358e-02,-1.143611579268284835e-02,-3.377405391427070434e-04,-4.939514231102347361e-06,-1.210362317014723223e-02,-6.888354746692169645e-04,1.955919204135882650e-03,-2.535205119351013458e-03,-1.503615106901190837e-03,1.224995570838691324e-02,4.348329581054636434e-02,1.037880587377126851e-02,1.483202507588031157e-03,-3.634948409169846593e-04,7.012348968748508340e-03,-1.463128699525988521e-02,-7.371236750416928878e-03,7.307801190081985795e-03,-9.937721388416807453e-03,-3.038474531331630119e-02,1.145706245713262695e-03,-1.082564015015453993e-03,-1.363508539316004091e-05,-1.845587933829641748e-04,2.494200642965634530e-03,-1.765139347040425898e-03,1.376464200250895279e-03,-1.629390213653364949e-04,1.314379306391194168e-03,-3.291698697477865587e-02,-5.064773788000403315e-02
8.291677217265170166e-03,2.978938089404091754e-03,9.253021081660244701e-03,1.449511749155639288e-02,1.182532881155538493e-02,-6.033480396538115631e-04,2.901229693542701528e-03,-5.257287259545383694e-03,1.458669446511682254e-02,1.673512548622334284e-02,5.134375617172588779e-02,1.695627244970352278e-03,-5.938567994209479131e-03,-1.372091798498838860e-02,-1.091396014419363479e-02,-7.903345225169325014e-03,-3.805276701075899388e-03,-2.178561407123434386e-04,-3.411741788460815120e-03,5.656328577757989418e-03,1.959741159727053719e-02,-8.287057484227602910e-03,-8.370101315306504447e-03,1.364973652271285302e-02,7.091925570229146158e-02,3.013286051476962452e-03,-1.293925443568296439e-02,-2.298608866693610184e-02,-3.834898369652084416e-02,-2.283042114417811047e-03,1.083242559524873368e-02,4.759133575807161093e-03,1.214042438526147932e-02,3.569037983149478226e-03,-3.263691652145415956e-02,-1.115697439238724428e-02,-2.449205424597936109e-03,-2.109006363790360758e-03,1.002554895269928102e-02,5.279594121067112148e-04,-5.753134384968673284e-04,-9.946433358182205867e-04,-1.340803399516393365e-02,-9.286995917067280767e-03,1.119580752539697105e-02,2.771029220265475157e-02,1.212351882757768977e-03,2.644009834281379340e-03,-1.956192092271102564e-02,-9.147359196655761859e-03,2.506283457357019219e-03,-2.758257240671560875e-03,-6.945803881426268304e-03,-2.186008708769382469e-02,-8.832815537329021709e-04,2.705978355870531770e-03,6.025434861945986811e-05,7.543685522214787532e-03,2.586482130613090846e-03,1.191541676555861283e-04,-6.894344011670482456e-03,-1.298488351292915750e-03,-1.366262800831778874e-02,1.089610000030230737e-02,8.291677217265170166e-03
1.419097710156674019e-01,1.474267699220034936e-02,-5.528502049866163524e-03,-2.606198375487422947e-04,1.263831223182360075e-02,6.137962297829010344e-02,2.688780971760217856e-03,-5.165833757454339759e-02,-2.394820325494128460e-02,1.394140762923111801e-02,1.542796694778981320e-02,1.906501007447475044e-03,-1.231418357004467924e-02,-6.119513137293757128e-03,-4.553985777184106978e-03,4.248416229430926924e-04,-7.098725903937944635e-03,-1.173150226672540347e-02,-7.918181109250519920e-03,-1.773532718919385151e-03,7.161205949863872801e-03,1.974194776108252614e-03,5.648124480004274852e-04,-2.705662289249761141e-04,1.345131086050341436e-02,2.597305157338812565e-02,9.435262921052041526e-04,2.549638257760399301e-03,-7.806876063220760577e-04,-2.771446335471933198e-02,-1.051534575610930250e-02,-4.681385949092326036e-04,7.830048143874741157e-03,8.158258025782571653e-04,-5.877717896582994664e-03,-1.646627633045684132e-03,4.114163405387056931e-03,-8.062642558326657116e-04,5.188540531541083883e-03,-1.430444721160711668e-04,-7.917947817074599002e-04,4.439374619763441360e-03,1.011792557606898445e-03,-1.333879867781769847e-02,-1.597610639885957071e-02,5.733797515726517594e-03,1.883571608273715585e-03,-1.129973685750085624e-02,-3.563680655011339932e-02,-1.622189747938745236e-02,-1.033436869951578560e-02,6.936396156906454898e-03,2.305024024466291108e-02,6.416192774075157521e-03,-1.560099023446357043e-02,4.559043047233734755e-03,3.278420069027696959e-03,-6.456347724654320792e-04,-6.501828397126212418e-03,5.328510208647790729e-04,-4.127408205910304377e-03,-2.108854439275409300e-03,-1.582735943771162827e-03,9.271017377068757614e-03,1.419097710156674019e-01
1.797088151157083535e-02,2.466688478464983472e-02,2.519475541080874390e-02,1.264331669723722275e-02,1.085157147753546165e-02,1.393807627453190999e-02,-6.358416370761553384e-04,-6.493114917454409496e-02,-7.689155088059868026e-03,-2.111033867250574746e-03,-2.332173910140920847e-03,-5.581060230060081492e-05,-7.181286282484098879e-03,6.742955228534983927e-05,-1.786552350451946821e-03,9.708387226867122924e-03,-6.661064135967096646e-05,-8.643287795366241116e-03,-9.442967338373476835e-03,-2.265508929132313901e-02,2.368934299607884566e-03,6.623102527147303742e-03,1.802508232055038137e-03,-1.343538415442094812e-02,-4.635770132910918377e-03,1.749572567113865870e-02,5.798578486590375697e-02,4.264887665362368518e-02,1.790044485295839982e-02,-3.484659373599122839e-02,-5.641509548196272511e-02,-4.025591468029287440e-02,-5.028040795561709853e-02,-4.741801250773718113e-03,2.418703486346629808e-02,4.210924371846277298e-02,1.443370721713798863e-02,2.258178400347432210e-02,6.970316881808572181e-03,1.248547176825534448e-02,-1.750803735815570036e-04,-1.436563970604097865e-02,-1.457115453966158908e-02,-4.505326591204011780e-04,-2.060863508883845757e-02,-1.609960440847553811e-02,-9.645033546378101305e-04,-1.171116841656678724e-02,-3.077395897156132935e-03,-3.087895319396993798e-02,-1.263591763337251067e-02,2.412164800583397814e-03,9.810591880181714422e-03,2.371253859427037772e-02,9.146333355637486021e-03,-4.830912378030923979e-03,7.823873687299476732e-04,-4.249029631373232863e-03,-2.392504052616634125e-02,-1.066040309729646487e-02,-1.251735409957128054e-03,-3.822863945309428954e-03,6.601892288882433429e-03,2.816676889149959118e-02,1.797088151157083535e-02
1.037236279584210141e-03,-9.147141582928520684e-03,6.278015356563213488e-03,1.208821968916500011e-02,7.677830506248883597e-04,2.726706066712731007e-03,-2.722778786360092670e-02,-1.306056126732991866e-02,-9.266745001652761105e-04,-3.114149491984501139e-02,-3.062420822387953295e-02,-1.311084265347539461e-02,5.709250313177110028e-03,3.707613200880354246e-03,1.106993724099262708e-02,2.819933665806274750e-04,6.046788175649885251e-03,6.030135506775631711e-03,-1.430009544619563900e-04,-1.420369117264448124e-02,9.932076635823748872e-04,2.039040918613460249e-03,1.383315594948329903e-02,-9.099733143348892259e-03,-2.851241252643938601e-02,3.417669707315319945e-03,5.093965031065051524e-02,4.438910946098582194e-02,2.628593548667980222e-03,-1.233283504564309380e-02,-3.243601020531121371e-02,-7.590493342975430935e-02,-1.610100822319994185e-01,-2.258485132373630466e-02,5.605800165526968887e-02,9.185409944712871755e-02,4.968639353335471687e-02,2.110805380814016752e-02,2.511534633898403895e-02,1.612082523790616881e-02,1.033949407142277857e-02,6.526427448921516940e-04,-1.110225521922935873e-02,-1.907728747348727549e-02,-1.336279902445204268e-02,-3.020531006333579752e-02,-9.684466561277806432e-03,2.677891755277915682e-03,-2.986155235765229708e-03,-1.958869754280753370e-02,-4.765052655532118348e-02,2.098043679898175043e-03,5.849587905659163478e-02,-3.262702185458687173e-03,6.288232210888206573e-03,1.564870906910175927e-02,-3.490734391961482913e-03,-4.775829191444342248e-04,1.064732242055495097e-02,-1.248025415592222270e-02,-4.142884261443269267e-03,1.644880874250577094e-02,2.789687509017173273e-02,3.126736567032078334e-02,1.037236279584210141e-03
# New slice
-6.946927365099675455e-02,-1.959210373321525200e-02,-7.965836466243759323e-03,-1.690793823279213362e-02,1.638340054609439432e-03,1.227720453488836960e-02,3.596990587932429734e-02,2.713335157968319380e-02,3.247452349076213746e-02,4.558443575046531443e-02,8.043159912668688266e-03,-1.002901858512619641e-02,-7.279083712806959502e-04,3.471999065591430209e-03,1.085843900824281887e-02,2.542940082796919538e-03,-1.606382888302365988e-02,-4.200543065055368369e-03,-1.256595429497189657e-02,1.697482041143353118e-02,-6.198963396878131313e-04,-1.279830172376774690e-02,-3.050783892276077991e-02,-2.295177343583456805e-02,-9.816304076773266218e-03,-2.887256905014895861e-02,-4.140587974173046831e-02,-2.706009400745235452e-02,4.193149751507585510e-03,1.757550094918261877e-02,7.103970940499347055e-03,-1.401922666372946297e-02,7.437862058815889604e-03,-1.226327366696813165e-02,-1.735517830802368183e-02,-7.337007781575036018e-03,1.035402393332586317e-02,8.215317286908097733e-03,1.699402938365043164e-02,1.808203314635412062e-02,1.602855468002143194e-02,5.404033030062768174e-04,-6.972688858882112456e-03,-8.697617464282969210e-03,-1.032971608683654063e-02,-8.923938001007240481e-03,-2.734696922624717599e-02,-2.424033160575266715e-02,-5.366903422511341143e-03,-1.260233888570651099e-02,-5.091788624626543067e-03,4.207826234515489074e-03,-3.800068913064350018e-02,-2.731202446250150656e-02,-3.285001295661761633e-03,-1.273862146500500704e-02,-1.951908678889948540e-02,-2.960280101179759218e-02,-2.876978214382332893e-02,-4.446333070039228813e-02,-6.745895069499510677e-02,-6.789374566044469039e-02,-5.605423393304544144e-02,-8.551379388536377302e-02,-6.946927365099675455e-02
-7.385494854809558467e-03,9.224342718607604370e-04,6.709723119509955654e-03,-8.947643815426717384e-04,1.130199154514846538e-02,2.359053954331625721e-02,2.865602101870807356e-02,2.283136362750808404e-02,1.042320078075335832e-02,2.664968537880198912e-02,-9.729714369649385087e-04,-2.107865209040315352e-02,-1.015060127118195231e-02,-4.634036434967481535e-03,9.293355056360873539e-04,-4.566318035734273813e-03,-2.656985932064625383e-02,-6.571192999285904897e-03,-1.071917835553541816e-02,1.915525821458624947e-02,9.874515093897121357e-03,-6.426049073926192942e-03,-1.723977179999107781e-02,-1.877698534289348395e-02,2.426309245743575854e-03,-1.986791954175703197e-03,-9.382191702868233896e-03,-4.359069079551272652e-02,-1.324294698520828801e-03,6.556649217511144843e-03,4.984928371826390873e-04,-1.052964694913887007e-02,-2.278211027708787126e-02,-4.914059419081345109e-02,-9.921879132126816547e-02,-9.638628159846227006e-02,-5.431869634390065760e-02,-2.754334729569341694e-02,-1.632094685795429378e-02,-2.933874614679850366e-03,-1.208580491779338070e-03,-2.828525560268998866e-03,1.882983487329992112e-06,3.112825935908977975e-03,-4.785800119322479625e-03,-2.903298286048201088e-03,-1.070512064569612877e-02,-2.042289169364149004e-02,-2.499025806271733263e-02,-3.895842926017038799e-02,-6.886006447017339882e-02,-1.897295108356161428e-02,-6.521597806959633647e-02,-5.893950305837831333e-02,-1.310150427561415816e-02,-2.385180906576517962e-02,-2.358057150475647776e-02,-2.359599549781984940e-02,-1.743222530880229187e-02,-7.863827737737081811e-03,-8.286958505213191245e-03,-1.464060525850613805e-03,3.289478369859462261e-03,-2.006901209046680094e-04,-7.385494854809558467e-03
-3.535510463382873694e-03,1.698621245348931261e-02,2.408758460000529067e-02,-5.537726835201771218e-03,1.824470048033485087e-03,7.322037658634037056e-03,1.493069725663350236e-02,2.034789238352995369e-02,2.127822385015794640e-02,2.310756516589576419e-03,-7.479125390466974388e-03,-1.957639419756997817e-02,-6.105540546863227024e-03,-3.057513547521762288e-03,6.851007954904443815e-03,1.935122123322331151e-05,-3.783430600002506508e-04,3.325179614071933649e-03,9.096063145093364125e-03,4.041382175980065550e-02,3.414510003443847752e-02,6.013702740816553719e-05,-1.152784365290956091e-02,-1.556268355463248827e-02,7.102312931075686767e-04,-1.647159819356994832e-04,-1.779479569056790231e-03,-2.176478535931657479e-02,-9.003307710813544416e-04,1.372533003261663422e-02,1.190383721376117197e-03,9.334777365775899852e-04,6.841749817696406513e-03,1.343737433783284002e-02,-1.590167617318743185e-03,-1.120115813581763070e-02,-1.527349497904539194e-02,-2.781794827639610685e-03,-4.967430561078438160e-03,4.666486565134406791e-04,1.598985705773901811e-03,-8.502701775267820956e-04,9.584998074088101928e-04,9.304824543521009184e-04,-1.073710199471362026e-03,-5.440645827005085103e-03,-1.055831844902116283e-02,-5.993359807622083979e-03,-1.295957089125723306e-02,-5.184868002171017301e-03,3.451069801862132868e-03,1.705139639118459158e-02,-1.605925424916043037e-02,-3.261885716416249026e-02,-1.669675580858034220e-03,-9.930400346035922823e-03,-4.597903933803184490e-02,-1.913561346436004965e-02,-9.524483702592968434e-03,-2.940104647681760178e-05,1.824383495972561366e-03,1.042980322109871710e-02,1.748632510775088508e-02,5.745892367368840049e-03,-3.535510463382873694e-03
3.282305317539846532e-03,1.282833419267725289e-02,1.136900959506595074e-02,-6.378829848731469576e-03,-1.535860440981623269e-02,2.460928576366989539e-03,1.620167977645659788e-03,2.110177878968879425e-03,3.351164024653843863e-03,-2.459822238610084345e-03,-1.129387779151773581e-02,-3.482206581825499775e-02,-2.310120696544981297e-02,-7.645994477169932614e-03,-1.514747748012015437e-04,-4.972080582765525322e-03,-9.385401590283814696e-03,-1.296197785650327365e-03,2.327421087934387726e-03,1.840798245343160805e-02,2.101650388489547869e-02,6.827784853625749016e-03,3.005513277746401420e-03,2.990846907455629324e-04,6.503532214327480045e-04,-1.199862878973675072e-02,-1.243379750522372214e-02,-2.552933098858519920e-02,-1.219568298997474043e-02,2.135167291965841575e-03,9.518456359552882322e-05,2.494448170227325529e-03,1.231752456970560891e-02,1.416977170292821851e-02,9.744081623348017224e-03,1.128646931439080021e-02,4.695306547464156801e-04,7.299898290622349080e-03,2.649288063941383515e-03,8.132036344682600643e-03,1.063514431893432428e-02,-2.954608212631208166e-04,3.437871498818008929e-03,1.519770697882333018e-03,-9.677711290071449541e-06,-1.082129911616269702e-03,-1.238685936226377893e-03,-3.762549026947055713e-03,-6.954845533081366674e-03,-8.518694682070370935e-03,-9.714568385265794775e-03,-7.220677783821269173e-03,-9.030651674752176658e-03,-2.258268518141537742e-02,-1.629661867985716418e-03,-3.546773834811833837e-03,-2.524211880545103315e-02,-4.236663805074668970e-02,-5.158544284723010943e-03,1.202572941588559222e-02,2.581071391857681172e-03,2.828929650835225549e-03,2.453134902341848333e-02,8.847921009249573240e-03,3.282305317539846532e-03
-4.699683283710798633e-04,3.013304457196293805e-04,7.372129605165191881e-04,-1.180693272131412390e-02,-1.410860323685965249e-02,6.602847041725980486e-05,-1.582674709945912014e-02,-1.437060983819821690e-02,-7.132592637922117139e-03,-4.843758832668653737e-03,-1.150738237220821220e-02,-4.641722773055041024e-03,-1.835400119150142756e-02,-1.149740764334366248e-02,-1.131757470834880014e-02,-1.524420746968504180e-02,-9.709115490093388548e-03,-1.206640208488977961e-03,4.287231472661200290e-04,1.700039608221423984e-02,1.666872013247454667e-02,1.193423747531714707e-02,2.218687714826092418e-03,1.300130680553299341e-02,1.415154304541851871e-02,-1.592883065845505583e-02,1.721425848502491961e-03,-4.177616085329704555e-03,-1.335938791897308721e-02,1.285507154977384410e-03,2.858286148704653439e-03,1.475540824035793085e-02,3.310654183094877828e-02,1.261055093230170621e-02,4.713278125945932068e-03,1.556287526280608277e-02,7.416288458646515779e-04,5.622966738010616236e-03,5.596334553619066289e-04,7.778652362474152739e-04,1.488213619014616207e-03,1.038372477631766086e-04,-3.740393083841988208e-04,1.515448128224858434e-03,9.669977655731239229e-04,-2.143758284081438877e-03,6.219193145659107635e-03,1.597172999908839930e-02,1.133556471371470128e-02,1.551718313032623107e-02,1.899979422898827319e-02,-3.696462693623580524e-04,-6.097409606859676909e-03,-1.252995303562373826e-03,2.987433156212577871e-03,7.216648470478749695e-03,-1.601948206763157551e-03,-2.605509589342136154e-02,2.567782120635932891e-02,3.628898487894781366e-02,7.337580957591711452e-03,4.553716647964816864e-04,2.849594717094845395e-02,6.029188525367556312e-03,-4.699683283710798633e-04
2.291997200788840894e-03,-5.075251479035572735e-03,-1.456303945722100222e-02,-5.556386516762248234e-02,-6.856192395556047481e-02,-1.633275518504969173e-02,-8.480864302174696140e-03,-4.538721426779225576e-03,1.892033599760905866e-03,4.942462284915970054e-03,-4.686060394162289318e-03,-2.451085471622631989e-03,-6.590594656495929633e-03,-2.661996764720373529e-04,1.678320967965990786e-05,-2.314005509140762157e-03,-5.855454056305840586e-03,-5.667436625119877391e-04,8.524642024770967205e-03,4.195985224516299815e-03,4.512804304053751395e-03,4.214663123539520197e-03,5.526105839286343455e-03,2.760493090784707157e-02,3.885894953045510719e-02,-1.755653871221132378e-03,2.478294625181720265e-02,1.117365898990364077e-03,-1.377354829367518664e-02,-3.596395794513847731e-05,2.109662071890341765e-03,1.898668925921494222e-02,2.740435235090714350e-02,1.392597397788887699e-02,1.666182878276546969e-03,9.602248324599294352e-03,-1.866241608013879732e-03,3.947777710063510997e-03,3.860482444548475438e-03,-2.399560968482170563e-03,-8.627711366480685790e-03,4.525971770984791144e-04,-1.672481811866721063e-04,3.036385202864292591e-03,5.353716498569886448e-03,3.951717249606489547e-03,3.445220417161243276e-02,2.543811803646835526e-02,3.042538097521852933e-02,6.564472106962362941e-02,5.486636957401908044e-02,3.587550584802395859e-02,1.427549805716252056e-02,2.368458170649986524e-02,2.182976737674312967e-02,3.527402921847914291e-02,3.638783018624848486e-02,2.119209808535671077e-02,5.668322867559584533e-02,2.734615000093973750e-02,2.747348299574198932e-03,-6.016112718757672846e-03,5.215706671349867700e-03,5.094498891721578777e-03,2.291997200788840894e-03
-2.953267812365748327e-02,-4.354310993996324264e-02,-2.138692293562794583e-02,-3.304347983053348980e-02,-3.411708750843635979e-02,-2.110050390553939309e-02,8.110078359292909392e-04,-2.622835919537748906e-03,1.106637356098774108e-03,5.340669283649557113e-03,2.209405453351599539e-03,-1.044928372975567838e-03,-1.898198666108060276e-02,-8.236572263213857992e-03,-2.421314132270717748e-03,-2.573106522362289192e-03,-1.309776118233910332e-02,-2.120209226089102630e-02,2.089030537334223524e-03,-6.458337083703399872e-04,-6.704294841214949010e-04,2.936408526169746389e-03,8.224832826024586901e-03,7.000913345783934573e-03,1.429554940312795924e-03,-5.204113135442651333e-02,-4.376569209245146676e-03,-1.142073461532734950e-03,-1.536512895976335433e-02,-4.722843913974848935e-03,1.058933686777806032e-04,1.073795441060884995e-02,2.048493086399056848e-02,1.909553942018415995e-02,2.970552875817800229e-03,4.672066439494987171e-03,-1.064901805914024793e-02,-3.724161590709065568e-03,-1.379668511881766875e-02,-1.994503338885283278e-02,-2.308128319226122535e-02,3.364449364563256578e-03,4.895156614746570822e-03,1.247452049608561856e-03,-1.270380874461327558e-03,-4.012371394873806216e-03,3.283057049476655227e-03,1.425735513287535762e-02,3.816108161129253690e-02,1.471247379540332502e-02,-1.743868439052525436e-04,-1.475989276715632473e-02,-2.979533405569925048e-02,2.041069309241990966e-04,1.128052945259816996e-02,5.384860305294320720e-02,-2.218630439411610261e-04,-1.670847140803212796e-02,-1.026701791583736582e-02,-1.101552732382787315e-02,-2.419362446696166069e-02,-7.471167122408185757e-02,-3.429453399448550294e-02,-7.304680288038226978e-03,-2.953267812365748327e-02
-1.363195726290036347e-03,-3.058810980445888453e-03,5.065213431056496754e-03,3.352231526130036027e-03,-1.684964500033122497e-03,-4.767047626128404283e-03,1.948852347525556125e-02,4.662032642572763209e-03,5.284202811337395918e-04,1.581654265166447526e-02,1.490678072762258340e-02,1.406012172746686981e-02,-2.742661182496869063e-02,1.705922067326400492e-04,1.901885251426890073e-04,2.837309984930531763e-03,-4.098497803794494930e-03,-1.571779682445866456e-03,8.585030149364344249e-03,-8.256288706686537929e-03,-8.352225345198964479e-03,3.251651923706561781e-02,3.518691820992637942e-02,2.657148069206782034e-03,-7.211122687360570736e-03,-5.190911775280110385e-02,-1.821783028707410837e-02,-7.718029912410354250e-03,-1.582372288867880603e-02,-1.035358149247112176e-02,-1.358120366013328357e-03,3.273456293738114236e-03,1.617351372417710764e-02,1.171894857248621281e-02,2.969684317707651199e-03,-2.135792999262361297e-03,-1.061572522241423754e-02,1.010748039917764630e-04,-6.051318043749545872e-05,-1.483368772691184660e-02,-3.584238133083168104e-02,-3.095198784939818832e-03,1.434550801326791268e-02,-2.112246019077509886e-03,-2.990129180666107733e-04,-6.805025493691409287e-04,1.487446997459345062e-02,2.516807322355299123e-02,6.099870874567984991e-02,3.763952448096262449e-02,2.665415083104598348e-02,1.218440620717943165e-02,-3.238286800217639923e-03,2.388759556999140669e-03,2.942022879675063041e-02,9.393505556212320903e-03,-2.125250181323081085e-03,-6.284578945235810930e-04,1.642636228624170039e-02,6.653827307819126270e-03,-2.757888636200257846e-03,-3.386209118606828966e-02,-2.972613173636395878e-02,-1.001666100881031625e-03,-1.363195726290036347e-03
2.364645535203894686e-02,9.405203759803878669e-03,1.915795731485631440e-02,8.512149507576989224e-03,-2.301816767366648888e-03,-5.995945449024039225e-03,1.699444950946445154e-02,1.477099501642907889e-02,3.922117497588537352e-03,1.161452509205117278e-02,2.115169442708261099e-02,1.534984478412677184e-02,-3.339327631194612817e-02,9.007224043614977388e-03,7.791825226012524287e-04,2.554320057411873113e-03,-2.516178109673699453e-02,-5.768281686566549375e-03,2.855561147388226140e-03,1.321726901756513654e-04,-2.657257478419664323e-02,1.060872480169504015e-02,1.041480434532154886e-02,-1.062393844704328724e-02,-2.923161338224769448e-03,-1.382284715814230402e-02,-1.564642010045084672e-02,-9.305677069113286320e-03,-1.039002347614989726e-02,-1.524492736494073748e-02,-1.432764957213960872e-03,-9.508094755854016233e-04,3.968433063563905384e-03,1.339193903809063856e-02,-2.015891266265190575e-03,-8.443429088037012267e-03,-7.889026406797788535e-03,1.815928948253723663e-03,1.435782300534962572e-02,4.827085735558760116e-04,-9.025555928221943094e-03,3.433323571081851790e-03,3.135497638414586757e-02,-2.921252712586881045e-04,2.749231533031516912e-03,1.416969761830558184e-03,1.957345467112297718e-03,2.326341650824192628e-02,1.012048940759322085e-01,1.519776852845054239e-02,3.080039425377093919e-04,-3.112946863705833532e-04,-1.568486136966208352e-03,3.573206850800304986e-03,2.954283943012689026e-03,4.823523051129051213e-03,1.186406676492809086e-02,1.096070391917594415e-02,2.680831978110235006e-02,-2.343558583562397463e-02,-3.833432208765357591e-02,-1.494671766288458922e-02,2.325339947365134743e-03,2.689139289188833409e-02,2.364645535203894686e-02
2.036594517592264786e-02,2.069350110685125310e-02,4.535505071833881990e-02,6.925534610886069711e-03,-2.518906748581584316e-03,-2.674039778081811758e-02,5.681258218001032818e-03,4.720355074204068101e-03,1.036919809850262060e-02,7.830894927619883386e-03,2.735084086187294233e-02,2.012164722082533663e-02,-3.068771569820826634e-02,7.405718401935283170e-03,2.134637062936472433e-03,4.253517632803516940e-02,1.584472973292716568e-03,9.443515078664354689e-05,5.403525452539480016e-03,2.057643108449652095e-03,-7.176635573525192401e-03,1.170937914051448179e-03,2.373141638792798311e-02,-1.044688524105809660e-02,-7.764289045700327159e-05,-4.083906669476898392e-03,-4.351082946051516680e-03,-3.459510642325356374e-03,-3.649775817051037355e-04,-1.074555490518351239e-02,-5.960432667778172919e-03,-3.165086067495815258e-04,-3.417783264204082416e-03,2.478318784390418257e-03,-5.975742290241837541e-03,-1.041805815385976088e-02,-4.512798858996131326e-03,8.688309928603660942e-04,9.348654691213898263e-03,3.363727758140455746e-03,-8.983831714960715045e-03,6.976744855755721494e-03,1.780302551279403650e-02,8.216474094792903214e-04,-5.598611403965939558e-03,-6.784230398704073697e-03,-2.225780111057836311e-02,-7.598495797219994262e-03,1.641507319140762464e-02,-2.236065166679428867e-02,-1.227748393672617976e-02,-2.796841555314226457e-02,-5.519186645604411134e-02,-3.999994408903927851e-02,-1.862150478460927044e-02,1.475494700173071044e-05,4.080870184640948695e-03,1.163636327676895611e-03,3.151653777761710684e-02,4.917492791606760047e-03,4.185523880991420570e-04,8.989760742431006715e-03,1.131839072569629928e-02,1.657332782167077537e-02,2.036594517592264786e-02
-3.242939220952194279e-04,1.608706985578531659e-02,5.127242969807196266e-02,-5.705272493861497651e-03,-1.153264544811605403e-02,-3.614210659020865302e-02,-5.196903554048163147e-04,1.787192546418319393e-03,3.480289851498526155e-02,1.978634908107942611e-02,2.159625363275786622e-02,1.011232400625594607e-02,-1.344840723739702294e-02,9.132862571120153178e-03,5.534612023476504980e-03,3.584796982505580182e-02,5.890453835687685206e-03,3.648991607178056484e-02,4.482035436125791916e-02,1.668619272798529604e-02,1.037851190124520172e-02,2.858848160776990277e-02,6.134799289390250460e-02,8.931328783429916957e-03,2.922981116005934736e-03,3.017368826433988824e-03,1.300260205000199239e-03,-9.426950916249442550e-03,-1.106606269333573615e-04,-6.316737658074113217e-05,-2.926304452281267791e-03,1.277067928874994242e-02,9.922382528150234041e-03,3.297528916031734064e-02,1.354534992431433681e-02,-9.284334455803783595e-03,-4.440180620131710040e-03,1.377312860259972309e-03,-2.939916301420995685e-03,-7.677692188915860236e-03,-1.586209535606923973e-02,-3.551181791424828493e-03,8.271187900024448356e-03,8.217839997257451968e-04,-3.949480073609638354e-03,-2.968181947154116714e-03,-3.087796931489551061e-02,-1.825078921738228568e-02,5.343510215318109146e-04,-6.318516863412174112e-02,-6.388429374490477153e-02,-4.154300412835820744e-02,-5.432582447728161873e-02,-1.522464993466765733e-02,-1.455409321171246932e-02,1.826630220160119179e-03,3.200712842722375218e-02,2.654810521100213830e-02,2.138807584110889726e-02,5.791253151725366324e-03,-2.804124736423067778e-03,5.514715278315612638e-03,8.179476133174662031e-03,2.650176515879126490e-03,-3.242939220952194279e-04
-4.311726407192660766e-03,-9.180278112714851824e-05,7.863322034466498078e-03,-3.667107215398085485e-02,-3.302404384551768657e-02,-2.106762937132310165e-02,-1.144994922386247810e-02,-4.236475274740423951e-03,2.108808711609912179e-02,3.102121084136989695e-03,3.408650471843114541e-03,5.566761108885359861e-03,1.183368647281446071e-03,9.301346333988335519e-03,1.080802409319661997e-02,1.366073499724711551e-02,-3.593357112483184373e-03,-1.669095028712676634e-02,-1.430826398060537109e-02,-2.536078644539648853e-03,-4.505014786057384441e-04,4.564322641361123062e-03,1.416119095539820211e-02,1.362135011962789521e-02,1.201075240149813116e-02,2.532916900298297792e-03,-8.787025232005862260e-06,-6.197227243717537068e-03,-5.804682559673876932e-04,4.297257985804911733e-04,-8.524805470593942169e-03,1.226126357305928546e-02,4.321419699421753975e-03,1.517392439283762016e-02,1.269479917943580616e-02,6.608463162141855682e-03,1.250881550038930590e-02,1.175372489178523779e-02,3.468868903464295841e-04,3.434355570636391485e-04,-1.403207003345517852e-02,-1.395077574886717867e-02,2.894216978696869985e-04,1.306314530310425878e-04,4.761193832871081499e-03,7.673513984693201839e-03,-2.457112670506387837e-03,3.254249420932592285e-02,1.316805210691822164e-03,-2.357036931069579969e-02,-1.892273332633199676e-02,-2.537355312239104508e-05,-5.956394780125282354e-03,-1.626158692038898179e-02,-3.946025392699980400e-02,-3.270444482783894935e-02,-1.480304775937007350e-02,-2.513854303348612637e-02,8.492211105349661013e-04,-6.399829826117945861e-03,-1.574099668615799169e-02,-1.032874802300029135e-02,-5.557036829966967122e-03,-1.183468648578191174e-03,-4.311726407192660766e-03
-5.975693174747928171e-04,1.862804164635726081e-02,2.374530711495005317e-02,-1.367208727269917518e-02,-3.776573234232905724e-02,-2.156239321194274028e-02,-2.765555685685178178e-02,-1.398093558566823429e-02,1.574449478990798054e-02,1.151798071852301987e-03,1.011517988546620618e-03,-5.176073923693726327e-03,-1.510337296413391279e-03,1.483488031023079932e-02,4.213558502837123562e-03,2.773345967070349775e-04,-7.635454299182445163e-03,-2.248364789489804699e-02,-2.311571609304094096e-02,-8.992877524128216338e-03,-5.732887256239567637e-03,-6.194509588290408094e-04,7.283444515831094881e-03,3.288873569884488875e-03,-5.667435605766543011e-04,2.679413694577439248e-03,-2.797621499764674658e-03,-3.761283825106832499e-03,-1.196976296671845887e-02,3.580053836823200285e-03,-1.633359763218707661e-03,5.846274856093721349e-03,-1.535066908686390967e-03,2.381141555931348078e-03,3.051385474787678999e-03,-2.265695677198393578e-03,2.112475173617420904e-02,8.370102711029404549e-03,-1.330616673910870482e-04,3.477566370757224478e-03,2.479482260042589325e-03,-2.640070920635679457e-04,2.231496001220434095e-04,3.350218686389281643e-03,1.640488949422143003e-02,1.533819306199768993e-02,4.978151289294682758e-02,1.302442627241388040e-01,6.718843467315215034e-02,7.597578573338083230e-02,4.315330711979508543e-02,2.288374970809650688e-03,-2.783832063047282212e-03,-5.146638392182456903e-03,-5.985042993769644146e-03,4.506067437292310754e-03,1.082232211846886026e-02,8.180876073006757010e-03,2.033594000961966644e-02,1.836882004788478582e-05,-2.197114458030708750e-04,-6.481425661787125177e-04,1.917652596019884972e-04,1.067104216360778828e-03,-5.975693174747928171e-04
1.259193150674050264e-02,3.027204932764638451e-02,2.236215272900063736e-02,6.143406249558047531e-03,-4.602923081529866275e-03,-4.457739344452942357e-03,-1.103814633410254119e-02,-7.329276928821475698e-04,1.527149518071882657e-02,1.485595517032852440e-02,1.500239624791828734e-03,-4.279519140744389091e-03,-1.535685286098010215e-02,7.262076577486868342e-03,2.997579177885738473e-03,-1.257602952921991341e-03,-6.424642505701529636e-03,-7.422498032206579881e-03,-1.393355200385672579e-02,-8.054051659827898488e-03,5.903853409078629400e-04,1.606646014202272373e-04,1.431511245935991605e-02,3.590578433419696486e-03,2.020977540554932950e-02,3.142873585419222321e-02,-1.550173734898806265e-03,-3.769450021182029365e-03,-6.468874458942426055e-03,-4.811331773225272293e-04,6.251001425458480899e-03,1.665196601348861369e-02,1.314472879548013624e-02,7.407201706430994461e-05,-5.857680434039497794e-04,-3.628984114440186870e-02,2.818196834078499566e-02,1.797822718082026094e-02,7.083819594971979550e-04,5.510223703858890300e-04,-1.673699616673825783e-03,8.514023197155586248e-04,5.499805557338329105e-04,8.995699026079202396e-03,2.445117412485283900e-02,3.349568191489875335e-02,8.132321866759711915e-02,1.045288411662605443e-01,1.916416312407163633e-02,2.716371116912367698e-02,3.113506375929859030e-02,6.841777304762240892e-03,4.074985037029768510e-04,-4.273514225317629964e-03,1.172728238869486309e-03,1.664641417457110237e-02,6.872335821264689316e-03,5.882324635687559205e-04,1.912289065683486430e-02,6.966467748378306866e-03,2.556538641174436587e-03,1.980001631228899342e-03,5.487511321482726220e-05,2.000660161287695030e-03,1.259193150674050264e-02
2.635904761413408043e-02,1.490866094996697380e-02,6.652430491365375446e-03,4.585831693377427588e-04,-1.391675952226324210e-02,-6.009903661002628968e-03,2.510202904170872077e-04,1.155728464904151077e-02,1.230885690710968247e-02,1.132297909694606960e-02,-1.202384951555409906e-03,-4.581055762169909326e-03,-2.173590980514546536e-02,1.883256875239997267e-03,6.868327664287867361e-03,-1.501089888096533752e-03,2.004284821195633903e-03,4.643089519788820368e-04,-4.005858599655847709e-03,-2.156709445018734767e-02,-6.984406295920599084e-03,-1.677981605027639017e-02,-2.163946535752977118e-04,-1.423423218421100700e-02,-2.252153560737696954e-03,3.060791467097509640e-04,-1.439985534714951880e-02,-7.310049995398123189e-03,-4.148349258577973230e-03,-7.224471888104221778e-03,-4.363317590451182976e-03,-2.439078389348802237e-03,-1.254211506216434307e-03,-1.067234721780302951e-02,1.431113052425745085e-04,-6.986333084860416043e-02,-2.494189486552990387e-02,2.409305360098016463e-02,-5.001728073484174031e-03,-8.831175283353119099e-04,-3.395723352093584554e-03,7.416285365963910543e-04,-1.033857286150319070e-02,4.971950151132162495e-03,2.110047370199626474e-03,-2.762396272222324405e-03,-5.153032776915486904e-03,-2.555101655070884589e-02,-1.057307109260952616e-01,-5.156874981528034724e-02,-1.421645335464049795e-02,-3.250226633204762218e-03,-9.138107247433862809e-03,-4.329985267416663203e-03,-3.761744761393769564e-04,-1.449440563088377331e-03,-1.525809459578146739e-02,-6.652052045891303222e-03,7.380469592714591562e-03,7.748567951258470039e-03,7.945863951161409242e-03,2.539380494534626944e-04,-8.507906538687091003e-04,1.015339467230021858e-02,2.635904761413408043e-02
1.190817663980160528e-02,4.933022516097044889e-03,3.076312150575813420e-03,6.344819680483967592e-03,-8.908212231948366101e-04,8.077614732878776868e-04,1.450245255513536030e-02,1.387947911137339674e-02,3.104938384250703533e-03,9.069936373372142896e-03,1.002334782172563388e-03,1.457813867533019891e-03,-8.564636010604441407e-03,6.172744912470993703e-03,2.948061981850678276e-02,-9.862154200748274920e-04,5.082291240587793676e-03,5.996113139544774137e-03,-2.547507525587220951e-03,-2.274722696622201792e-02,-7.561709407798981875e-03,-1.388995849955991686e-02,-6.253618544385447162e-03,-1.335931616021452523e-02,7.727212529689671478e-04,-1.711232108369552295e-03,-1.556212803080066383e-02,-5.186982446948287979e-03,-1.565609464597696393e-03,-9.003969565290891475e-04,-4.226465685752118714e-03,-9.289014599680659031e-04,-1.834829726344653755e-03,-2.590870712524168465e-02,-8.356701997521706962e-04,-4.539059813301305618e-02,-4.781705586285136568e-03,3.229380149172312447e-02,-2.008818125026983273e-02,-3.563136172946233110e-02,-2.623802226516564959e-02,1.963993823947419223e-03,-2.093041914618332458e-02,-5.668468573161464328e-04,5.022261038762210325e-04,-8.792537402115262754e-04,2.264822841270580265e-04,6.763031298730749199e-04,-6.615444703885815791e-03,1.481122184949594512e-04,4.627187470224139627e-03,2.255663350772871278e-02,2.668490876434268314e-02,1.296877775907075842e-02,9.274811467918244942e-03,2.807930931287739998e-04,-1.525148561413515805e-02,-6.774333857513380186e-03,1.389311305268756298e-02,-1.891142499213268767e-03,9.394288764028401947e-03,-1.303674160447993325e-03,-4.867885419824365123e-03,5.780516732792516203e-03,1.190817663980160528e-02
1.343164383961440757e-02,2.786962878007461040e-03,2.530165237491761952e-04,9.939716543970252005e-03,6.773145350707271330e-04,1.257941769915904735e-02,3.964752038356777336e-02,2.401670647051418195e-02,2.049768898187572311e-02,1.244221351661208529e-02,5.864659141720769166e-03,3.163162100187582367e-03,1.001781439219158638e-03,4.244209235279347570e-02,5.593005321783018485e-02,6.832111204625540557e-03,1.478734770153609240e-02,1.969767397046486360e-02,1.083203041228945852e-04,-8.237765791604099302e-03,-1.322875580403403903e-02,-1.164730487570335773e-02,-1.444704611198797083e-02,-1.690585620953625676e-02,-2.991792595119826745e-03,-4.099013329902868354e-03,-7.724816717911214652e-03,2.687344656588027368e-03,8.280367705427347028e-03,2.451535512795725499e-03,-3.941748391892386724e-03,-1.825057526430887752e-03,-6.484122062965129787e-04,-9.576043533702206789e-03,-3.985764906127182983e-03,-1.463559755361296816e-02,-1.129255748008076154e-02,3.238374217577070363e-02,1.237269899434365571e-03,-3.960143645190510736e-02,-2.488287372851522017e-02,2.427814437606527547e-05,-1.711218007209599004e-02,1.971680739658816361e-03,6.387884117594164364e-04,4.481665000097147895e-04,2.727646590593958090e-03,6.356364086015027330e-03,-1.480787758191676716e-04,1.194813082414001443e-02,1.305786170947616058e-02,3.129508524216755017e-02,1.235630189023915505e-02,-3.847800539068558525e-05,3.998735897563805188e-03,-2.212806980045657363e-03,-5.938868360049458055e-03,-7.446934474039149619e-03,2.654033076622672530e-02,-3.826673519622941083e-03,1.637481476556569213e-02,-2.436312026533859251e-03,4.729176903520319192e-03,2.346103692873568666e-02,1.343164383961440757e-02
7.863451985961915011e-03,7.276558897253215981e-03,-2.026090315456506108e-04,6.456777937687928522e-03,-3.697716588852360733e-03,6.146657299873769728e-03,1.221421825142368807e-02,9.799791300347955245e-03,-9.356208791538284109e-03,-9.341652128496386043e-03,8.107044627907256454e-04,-1.000749205281532871e-03,-7.570072985142007422e-04,6.231176196313514652e-03,1.996802648626292212e-02,2.832274872827254125e-03,1.988220976872674076e-03,9.240820705635297005e-03,-1.602708907392332222e-04,-8.898504911640301232e-03,-1.930282851241069131e-02,-2.727332195232745182e-03,3.517553741895365974e-03,1.117046975797222202e-02,1.022981952790095496e-02,7.626565027647662018e-03,-1.040392709703412801e-03,-6.384327231956455316e-03,3.055183576771322270e-04,-1.147339725008481026e-02,-4.652371904802084582e-03,2.954314417697715377e-03,3.357593233295824904e-04,-1.731202546025524536e-03,-4.285224622319117917e-03,-3.390041574970261177e-04,1.266315758958570532e-03,4.292499805187819512e-02,1.447603630807520712e-02,9.218484255965011436e-04,1.083330690486666539e-04,1.317977650690841870e-02,1.723844123099151950e-03,3.292964144726384743e-03,-1.507567758617728553e-03,-4.978572384654350591e-03,-3.196840318803610952e-03,4.733993124093107026e-03,-8.106904295430091695e-03,-2.276216213947523123e-04,-5.796346032228105564e-03,-8.000749530244514671e-03,-1.794806084717228203e-02,-1.106418128574909211e-02,3.809079305963874833e-04,1.497627009389255884e-04,1.747720828494338154e-03,-2.451626250470050668e-03,3.018884719924005283e-02,5.280746085353935570e-05,1.951995836779862187e-02,-8.368301617012878805e-04,1.629444054905361886e-02,1.267203854902082538e-02,7.863451985961915011e-03
8.989775970841303379e-03,2.366812501857548396e-03,-1.410297079422709668e-02,-1.862351592362239752e-02,-2.074221369713830955e-03,-2.634276529403132509e-03,-9.424176892640093173e-03,-9.726904015949232362e-04,-1.563653360020367603e-02,-2.509450707640185560e-02,6.692818299361154690e-04,-8.275209152221326206e-03,-2.305848517443551213e-03,-4.388985992318557164e-04,1.055158042332852465e-02,3.385064758451991011e-03,2.351632481320942505e-03,1.608018592990190926e-02,5.464843331948235870e-03,1.220614646394998799e-03,-4.296228021883700260e-02,-1.348960656740918682e-02,-1.856188373752168472e-03,-5.578121507845790281e-04,1.094468430677715196e-02,5.099939595976500303e-03,5.447657471178985432e-03,6.192861270169014790e-03,2.230518066329869806e-02,-3.573619350634860657e-03,-4.504338824107559196e-03,2.617181534278708623e-03,-2.019167942188281051e-03,1.475802503363412383e-03,-2.319826694497960969e-03,2.816082870670344115e-03,-1.362437457687718997e-02,-3.775097388204523476e-05,8.875011744212054467e-07,1.150065038786496165e-05,1.345017579154938201e-03,6.918570199643315523e-03,1.566002099822191851e-02,3.216855361606578683e-03,-4.714300353519926268e-03,-6.933224540226615162e-03,-5.991947223815477508e-03,-1.164282632414968257e-03,-4.687968691223788099e-03,1.222307653936250543e-02,2.387052385833817944e-02,2.196600906170959391e-02,4.354727228080982671e-04,-4.526022180277065182e-03,-1.667116928503818360e-02,-2.404788602174494014e-02,-2.274230894607448886e-02,-1.311709427200403663e-02,3.341398338391429225e-03,4.324746649919379571e-03,8.351505528447385196e-04,-5.690592121239354019e-03,3.836616125736735244e-02,4.080009228439780006e-02,8.989775970841303379e-03
2.530637743836695441e-03,-5.315324634313623071e-03,-4.840207271913288950e-02,-4.710634712100107702e-02,-4.630020332761218202e-03,-1.484734371007904660e-03,4.668112267637227787e-03,3.366921247456905464e-02,2.027623390196978820e-02,-1.717029044878873745e-03,2.104887807071923952e-02,-7.029788617589529786e-04,-2.149599138880058254e-04,-1.997435283352696871e-03,5.648526111382909040e-03,7.710730480277538934e-03,-7.201994744627154615e-04,1.890965404988082226e-03,6.594960812735372463e-03,1.347083445816930382e-02,-1.549704866513732307e-02,-7.401823740497974653e-03,1.095369562834825478e-02,-2.703294863311934276e-03,9.757561704226151017e-03,2.807759111377512739e-04,1.044516257646544571e-02,2.609197992472266775e-02,1.507539232181857869e-02,9.819148714405397452e-03,3.868913747041818028e-03,7.031655384409671132e-03,-3.225257815510919248e-03,1.725150095831800776e-03,8.990884951661920748e-05,2.983613073827498519e-02,9.339749708546311521e-03,1.263068800368698577e-02,1.219669146591072749e-02,3.204543697304254070e-03,-1.569197838759127947e-03,-6.269331680596523099e-03,1.113750234219765403e-04,-1.047431968392639745e-02,-3.082718097651120787e-02,-2.241564429992226257e-02,-1.330137201611506122e-02,-4.638706918030726344e-03,-9.280448633129335587e-03,1.103569271608861521e-02,1.171349144369905788e-02,-4.926484053761698290e-03,-6.784927416714320661e-03,-1.778146699394362110e-02,-8.960059056383218659e-03,-1.006142807313849079e-02,-1.054238401901549070e-02,-3.487623978056294399e-03,2.154890623714115258e-04,2.775143938139541799e-02,4.807967943584885696e-04,-5.406260471462294090e-03,2.343202332004987870e-02,3.209842892727595570e-02,2.530637743836695441e-03
-2.309344433767308163e-02,-5.333158029574698589e-02,-3.935006066921086648e-02,-3.215974895354978269e-02,3.505021257737544940e-03,3.671030755990648160e-03,1.720418764696662883e-02,1.067440647627813412e-02,-3.264097255647341604e-04,-3.431627288383425761e-02,-2.034239582874338391e-03,-8.054854193552083179e-04,-7.275724896236350448e-04,-2.041811332838351645e-03,1.197782395630831364e-03,8.711998092598760568e-03,-1.425969838013623793e-03,1.932900842629416095e-03,5.432968139654003681e-04,5.847768118774995631e-03,-2.332798953562625205e-02,-3.658632184423912109e-02,-3.023415025603304524e-04,-6.344788228060359303e-03,6.097719940332871173e-03,6.035789539453793873e-03,2.563374177544778740e-02,4.678016371846763222e-02,1.163294058467696790e-02,1.638720286184226077e-02,1.677680559965014431e-02,6.401257407737442374e-03,-9.560386491048890442e-05,1.634044454185374718e-04,3.899605831577190353e-03,9.357292126251883640e-03,7.461082559203799543e-03,1.903097867974202009e-02,1.430443012358668074e-02,4.365648641520378237e-03,-3.037228179839193990e-04,8.586333796706866958e-03,2.490673394216217848e-02,6.016877492564385449e-03,-1.024068216820555807e-02,-1.200760458801152994e-02,-1.522824911252711709e-02,-2.385688875748016857e-02,-1.425477643958715512e-02,4.624474714072256132e-03,-3.257012875899907393e-03,-2.356325687503918812e-02,-3.372983588520320902e-02,-5.883814811238857745e-02,-7.870295648722080636e-03,-1.753260767686621929e-03,-1.467115129475196796e-02,-1.857765754325116370e-02,-3.557790082844963092e-02,1.104991787264642629e-03,-1.536327018431930813e-02,-4.276372016838298623e-02,-7.460292120533877462e-03,3.009238113322456687e-04,-2.309344433767308163e-02
-6.976741114987596764e-04,-3.965059122886940846e-02,-3.184773438993425410e-02,-4.978552360928412829e-02,-9.172255097443789834e-03,-2.915263762495059335e-02,-8.834191568905840758e-03,-1.656316192465109513e-02,-4.041469274099217246e-02,-2.959329733722606756e-02,-1.122631620050415155e-02,-4.768065479361105648e-03,-6.648794567772739819e-03,-8.559435751141779639e-03,-5.732369757997481802e-03,-2.577976663101278257e-04,-1.265776499165972499e-02,-3.455254059099205263e-05,2.718426706273022837e-04,2.861739249853392721e-04,-1.739690136650386826e-02,-3.299483298965942557e-02,-4.712127546330938804e-03,-4.898479273277548014e-03,1.860506913709349174e-04,1.090128889595843101e-02,3.794899773575755031e-02,1.915120295261997160e-02,7.224354484281286185e-04,4.915470333293392793e-03,9.707035328215133166e-03,8.742756026292083493e-04,-1.618075728748162362e-03,-3.223557695465741578e-03,1.258568668784833993e-03,6.336871130209369759e-04,-1.649264543789225566e-03,-1.604005848215006233e-02,-5.496281435115275621e-04,9.164963189821167394e-03,1.201399489858790727e-02,2.891948410307028719e-02,3.591287849931485560e-02,4.247130989738413624e-03,-1.510004976082126617e-02,-1.051755365760241069e-02,-1.910025610992375361e-02,-1.135703659480633357e-02,7.372267891291525450e-04,2.352358914205639195e-02,6.171314232631295096e-03,-4.965186748447498978e-04,-8.265948002719817819e-03,-2.188929777543185268e-02,4.233162323899046856e-03,2.172285431461680114e-03,-5.183415838525233868e-03,-1.977058729968012366e-02,-8.424247303215602611e-02,-3.335962858435934097e-02,-6.295832293333131213e-02,-2.157254675067112742e-02,5.954092334536478619e-03,2.433315271152186945e-02,-6.976741114987596764e-04
1.474219876363338719e-02,-3.514318096094087764e-03,-1.620450092210027823e-02,-5.310654934760720286e-02,-1.787763212265131366e-02,-2.431136560995456053e-02,-1.549703404943796395e-02,-3.029496508198040519e-02,-8.039693865220309821e-02,-1.122643133234058899e-01,-6.314748633516911736e-02,-2.909637551484424087e-02,-1.430044716809039489e-02,-4.069982137320626858e-03,3.640814232034337520e-03,3.459218622033851092e-03,3.061257016628481098e-03,4.983897897162633400e-03,1.070659368662535936e-02,1.081626034220656285e-03,2.255292115551128015e-03,-1.941665624508641733e-02,-4.858244727749322887e-03,-4.412905541675476995e-03,-4.447687890548850456e-03,9.950355970319652021e-03,1.670369790164462007e-02,3.878612980299785389e-03,-3.216577579213965288e-04,-5.655236182078241924e-04,-3.051188679161248325e-03,-3.710762434476739136e-03,-2.588796969725635708e-03,-1.706105215465418589e-03,6.103866954866725945e-03,1.256993678300411671e-02,2.614325809916419677e-02,-1.043756671122154228e-02,-3.302261857356152130e-02,-4.048409574997527231e-03,-2.704916758271813638e-04,7.119918451214518260e-03,3.580353364700072233e-02,1.855126704097535134e-02,9.586079653843352895e-04,9.027773229813853065e-03,-3.014994622228523487e-03,-2.838027815185801585e-03,1.801605258239747862e-02,3.414832422755822994e-02,1.202289898536917749e-02,4.965365952935239628e-03,-8.194691051306287818e-03,-6.829640489091995739e-03,-4.500113229789372673e-04,4.342053884699521339e-03,-2.094775043351390295e-03,1.441426572790647197e-02,-4.111863956270902370e-02,-3.669375513174035278e-03,2.030725431890187047e-02,1.254629086488250750e-03,4.854363119681897633e-03,2.178429758698317495e-02,1.474219876363338719e-02
1.086524112180831982e-02,-2.402859085709201266e-04,-5.274610585124999557e-03,-1.468198728929518207e-02,7.727031859953605161e-04,4.947611730097158274e-03,6.149064545044608497e-03,8.955751591599319522e-03,1.910909441001232409e-03,-6.356219649235488912e-04,-8.584872212508729700e-03,-2.504576537482283358e-02,-2.604873824022115036e-02,-6.418913456766097217e-03,4.238061913580086634e-05,3.035232530250848992e-03,3.620586152643890440e-03,2.865411300336095403e-03,5.023267330403306807e-03,-1.213418785012101942e-03,-6.127510250700483885e-04,-1.238531759622342986e-02,-1.239148360651736933e-02,-1.333300964964562012e-02,-1.552357688152507416e-02,4.858440501181153330e-03,1.439826016323366049e-02,7.603783716359288104e-03,1.980006503360774803e-03,6.167683113379253445e-04,-4.778245893408450060e-03,-1.331091997849656941e-02,-3.827676469086441213e-02,-5.187485921230661212e-02,-1.896803234833947110e-02,-1.620525771241250815e-02,6.968085159954061879e-03,1.273118085896564680e-02,-1.946015496468976591e-02,1.452862644847594670e-02,1.006392319879023320e-02,1.674656497585000001e-02,4.901168446019051050e-02,1.920028993570253167e-02,1.139905840409763784e-03,1.095222605363197800e-02,-1.981843805480909028e-03,-2.303519716375616345e-03,2.161092322141064739e-02,3.260032669247722031e-02,3.525093592419997757e-02,1.154056896034564780e-02,-5.666236951200409946e-03,-8.615153903958304438e-03,-9.821584881480488818e-03,9.306649631838180906e-03,1.255540106503478159e-04,3.595167106165175069e-02,6.723422091576209889e-03,5.098984849620953434e-03,7.556137749828062411e-02,3.951566765072282023e-02,3.621577798408749660e-02,1.501601947854205345e-02,1.086524112180831982e-02
2.744257962309494189e-03,-4.179286707613202347e-03,-1.552759236784170306e-02,-5.540306123851632125e-03,1.670583714323357200e-02,1.943459566838189739e-02,2.762483386860223669e-02,1.105599523388746744e-02,8.506390756596416552e-03,1.707976313126101158e-03,-7.665515370937351497e-03,-1.108010036340825082e-03,-7.102055094141880185e-04,-1.222818819942813164e-03,9.241505923391779174e-04,2.752972462061176011e-03,8.748867612400011346e-06,-6.812249215994659534e-05,2.192351073206770008e-03,4.666424876298787619e-03,1.710120377854995371e-04,-6.986764104655141666e-03,-1.990946254236435758e-02,-2.473425546758978646e-02,-1.629089953873229940e-02,2.762807194828343499e-03,1.384265806733563260e-02,7.992543016684203888e-03,1.938496868016717370e-03,-1.361356522001288399e-02,-1.188181266586887247e-02,-1.420066776289179503e-02,-1.944471391867158561e-02,-5.551126562791471736e-02,-2.500877733203469080e-02,-3.502313306227353151e-02,-9.812031419936752610e-03,-2.066010181280302990e-02,-3.469519296530876318e-02,1.099279555020430017e-02,1.386029946155461047e-03,8.417958724512071556e-03,2.214057611698279360e-02,2.257262908288513656e-02,2.563293014424665103e-02,2.638145198666410826e-02,-8.852424859966702680e-04,-1.623710426711831665e-03,3.216208247409286375e-02,4.488265069534302931e-02,2.024246067451485401e-02,2.803272832029978651e-02,1.569629719884104574e-02,4.503009892099230083e-03,-1.098039747855908757e-02,1.578369846930707029e-03,-5.967471036060845516e-04,1.617153847357897731e-02,-2.293900843630987049e-02,-2.138276590286973880e-02,3.807439210829331039e-02,2.388262974086449025e-02,2.467331586949590705e-02,6.646886680733246101e-03,2.744257962309494189e-03
5.562466217566295994e-03,5.663212652855786075e-04,-2.574393956976387191e-02,-7.754027753719168817e-03,7.921613749549345426e-03,1.059841009079998857e-03,2.492151603521503781e-03,2.407837418253358345e-04,-4.787114140006588220e-03,-1.169975004721431067e-02,-2.979015732814641743e-02,-1.975975208633443461e-02,-1.929235021500650554e-04,1.750977510994286730e-03,6.813320208032803103e-03,1.147087554093759870e-02,-2.631885039245997118e-03,-5.446793518915920987e-04,4.661569301097921508e-04,9.098015811548431850e-03,2.628963555387311447e-03,-1.633101576632035390e-03,-2.101173665590793868e-03,-1.590390350575024425e-02,-2.835160744555361920e-02,-9.011871515268696925e-03,1.105693564939688039e-02,9.955613372451302748e-03,7.962394303115460925e-03,-3.550354040930155889e-03,2.026010532433209031e-03,-3.191710469521775572e-03,-6.649850579338850015e-03,-9.592492516443109837e-03,-3.714040017108563205e-04,-4.614540498875932192e-04,1.938619031279911753e-03,-8.565081311132824796e-03,-5.314921341039012537e-02,-1.014913907242695479e-02,-6.247173888179257534e-03,1.828445318689001127e-03,-3.740174214743823174e-03,5.602536071022872453e-03,1.674657976665511194e-02,-1.056827312082848566e-02,-1.369030490167966012e-02,-1.978011481435953988e-04,1.173686408151755622e-02,7.364364880362902349e-03,1.106763646099100280e-02,4.268165405725994621e-02,3.134853286788697336e-03,-1.113485915426271587e-02,-2.147394909223207526e-02,-4.772773356797110206e-03,-3.801945361113086633e-03,-1.049972429604746453e-02,-3.764232722355078525e-02,-6.223439258382884587e-02,-3.809603108642968809e-04,2.355177537306279295e-02,2.224012533984987341e-02,1.953712906375800666e-04,5.562466217566295994e-03
-5.999387993050580258e-03,-8.178396258854274707e-04,-2.591123510425098753e-02,-2.837953409203442228e-03,1.210368665449965998e-02,6.841701167784920452e-04,2.209051340194277766e-03,3.029534409215377689e-03,4.638475613764576032e-03,2.796485304185495398e-04,-5.235123350147458283e-03,-1.331194408311728999e-02,-5.256259156023526669e-04,6.525300086749546502e-04,6.651809724091915614e-03,4.357038138034093414e-03,8.417820534364195808e-04,-1.741751914943447869e-04,-2.433383559172007642e-03,1.748899336670297830e-02,1.637013592376940219e-02,1.855747253022727998e-05,-3.999801696785514581e-03,-8.659054544046862478e-03,-1.588205988667514001e-02,-1.512256535982758844e-03,-5.443614867780155480e-05,2.385794319831755373e-03,-3.134571911262737202e-03,-1.356779409617220322e-02,4.556564148025701432e-04,9.694175103266668841e-03,1.744473699005256746e-03,-1.235208063439450707e-02,-7.755454920095284851e-04,2.536296413600725667e-03,1.412061133777500624e-04,-5.037633894910151320e-04,-8.624709999820396114e-03,-1.579593813804963534e-03,-1.117369452627505096e-02,-1.047042581859189067e-03,-1.734124287729707850e-02,-2.089358973795142974e-02,-7.641360774336761197e-03,-6.710398755292223960e-02,-3.990452532381581763e-02,-1.698634990053562305e-02,-1.524959368020278741e-03,-1.749986489825807595e-02,-1.814699860880430310e-02,5.647320107683949375e-02,4.192945869319973651e-03,-1.470269106260559816e-02,-2.273869512704592560e-02,-3.610551463581083975e-02,-1.013884795754223245e-02,-1.387084557965752307e-02,-2.296910139449334295e-02,-4.484748719399186956e-02,-3.234980384250413926e-02,-1.669044427236732533e-02,-5.797431955205315651e-02,-4.380729675675760354e-02,-5.999387993050580258e-03
-1.426736118706901577e-02,-1.148008212617889108e-02,-2.307016484621994545e-02,-1.327454647823972725e-02,6.404184213522852442e-03,-5.424348576094402278e-04,3.196040368019838381e-03,5.781983278536340781e-03,2.957403958027716561e-03,-3.537356978792408849e-03,-1.189195402221291525e-02,-4.026109329584946946e-03,1.798748181957288183e-03,8.641623232808990154e-03,2.907591646574757618e-02,1.195033279419189555e-02,2.363578403569234748e-03,-5.910943696171167688e-03,-9.598643009855120645e-03,-1.045097163036128735e-02,3.218667505982641345e-03,-2.220231890517804056e-03,-1.709496523293459885e-02,-2.209751428210898760e-02,-4.678303298758462736e-02,-2.017904047410108009e-02,1.812727801094304262e-03,1.062513472970754574e-02,1.987019430772884402e-03,-1.493658118411643476e-02,1.802073745499806375e-03,3.761742804239623893e-03,-6.570150594336650503e-03,-1.906819466851033748e-02,-2.672790283106416323e-04,6.924290915262236272e-03,5.164145570417039751e-04,-1.193340885358284064e-03,-6.486220472673999773e-03,3.414705057035686154e-03,-2.764011447935083802e-03,8.831260452739857604e-05,2.193229615956381485e-03,2.642972831395737007e-02,2.320769215583597458e-02,-6.405371381759301236e-03,-1.771656532178186860e-02,-1.517297354678413986e-02,-7.362372971413408754e-04,-2.446927115291098326e-02,-1.208512353302094999e-02,8.015595572033430705e-02,-1.765763361597782371e-03,-1.698659052395708885e-02,-6.897033032953630606e-03,-3.095223358996832680e-02,-2.585364384084500727e-02,-2.794353355481692114e-02,-1.198508127526263893e-02,-5.397341107178531272e-02,-5.846432134018442889e-02,-2.757170120818111352e-03,-1.373119496758579312e-02,-1.282304869493205990e-02,-1.426736118706901577e-02
-6.149418774475564654e-03,-8.005110857697091478e-03,-4.565383894439105361e-03,-3.087259699905504830e-03,1.485587657809091071e-02,7.771410544949887596e-03,1.594988776874915401e-02,1.517940243490181230e-02,1.006393550933186096e-02,2.899718404244473746e-03,3.438673448628966171e-03,1.031927318396105896e-03,2.633856509547419841e-03,1.869379637284648496e-02,1.589775087547538532e-02,6.556139630612446700e-04,9.634821349166309157e-04,-1.745849321684884298e-02,-3.064901867976132024e-02,-7.786790059044823749e-03,5.547686045326448781e-03,-1.768972463697561850e-03,-3.035231790900366766e-02,-2.038271485185903092e-02,-2.549291745787900243e-02,-1.331827125825870567e-02,1.110142691399681591e-03,1.036975934845666206e-02,7.788211350630470584e-03,-1.650188574110034515e-02,5.165826672697037929e-03,-1.927018256835729944e-03,-1.061005014939124698e-02,-6.014225719352497834e-02,-2.901920465119081638e-02,2.738035265162877107e-03,-7.405776416292701898e-03,-6.842626587690373019e-03,2.064385424483435125e-03,1.175884418025760839e-02,8.943039455869946296e-05,5.461453254169991705e-04,7.787307870688408781e-03,1.489381626123941448e-02,8.156316775390965888e-05,-1.457011446972118741e-04,-3.054128994841135390e-03,-5.760975117169721618e-03,-1.124794804612384500e-02,-2.681212215873272908e-02,-1.899203472737201817e-02,7.793640076186914012e-02,-1.898423713718509851e-03,-3.740480387730029960e-03,-1.765516526029874134e-03,-2.947605724653260418e-03,-7.863179541834073791e-03,-8.915252757347153986e-03,2.664501623513415920e-03,2.547871110559982340e-03,1.597044136899689395e-02,9.017038615061964690e-03,1.161972732673861083e-03,-1.558332778879908649e-03,-6.149418774475564654e-03
-2.082497765067887075e-03,-4.989711293926946990e-03,2.858359936868518515e-03,-8.941385204320148952e-03,1.365424576917999115e-03,2.391329091495583009e-03,5.372661207866271001e-03,1.132174760388991383e-02,3.388815525310883217e-03,-8.181755335516179700e-03,-4.561082113986669219e-03,1.709965314403506570e-04,5.753115669829336580e-03,2.594556481992979849e-02,2.495598608734209481e-02,2.598484800688819797e-03,2.902322133375284056e-03,6.976633045710748000e-04,-2.725383184969245448e-02,8.019262956344724207e-04,9.189152289097286819e-03,1.139559019126721272e-02,-7.822374771912429803e-03,-1.756203003128822739e-03,-7.489294468467665340e-03,-7.272533451041847397e-03,-1.238502020555931572e-03,2.323439568000267106e-03,8.666058296771283684e-03,1.133420003546646484e-03,4.506486313951421629e-02,1.056728691673357746e-03,-1.411719354328447740e-03,-4.347380781543033756e-02,-1.207203809675912697e-02,2.391109277101175282e-02,2.316072618114431783e-03,1.509214377457729871e-02,7.684329595424240454e-03,8.802821738322561679e-03,3.214421465738352690e-03,1.129375334047410997e-03,6.179092999911425972e-03,-1.334228167272674898e-03,-1.034117180190514268e-02,-4.638548923845689335e-03,-3.919869635553515394e-04,-1.227497893033611780e-02,-9.660182044547613658e-03,-1.558069292078177867e-03,8.983369776448433056e-03,1.312730161234556270e-01,1.169488120085052790e-02,1.246987999920071187e-03,-1.529763749793502632e-03,-1.460777982775905703e-02,-1.497376608335844721e-03,-1.045956576345405051e-02,1.921442343257252772e-02,1.135922028398104328e-02,1.376370896098505839e-02,9.684060294530403082e-03,1.027850365677161759e-02,7.986489231963123450e-03,-2.082497765067887075e-03
-5.670992373254651062e-04,-2.536046356923437987e-03,3.898942302171009861e-03,2.288756313642295592e-03,3.239330408328262596e-04,6.195184752203626057e-03,5.158711087592209379e-03,1.120120152422972130e-02,7.465866395993101846e-04,-5.584453251009780309e-03,-5.119478627939729951e-03,-6.537204175784539070e-04,-1.945828039966118826e-04,1.989639109964901412e-02,2.861729567810520486e-02,-5.087157163410094838e-04,4.509424123085506789e-03,5.851367299595499130e-03,-1.952504028624702653e-02,4.164450024047318052e-03,2.452226456718524603e-03,-1.735259103985501154e-04,-2.157455080630655414e-02,-1.320206138968122236e-02,5.086507387443445910e-03,-1.411269292418130747e-02,-3.855088009205512659e-03,1.543140777771837956e-03,3.689175314935004557e-03,2.545415551386898817e-02,7.854529239735076607e-02,2.327356286415363691e-03,-2.532936657933340142e-04,-5.815250440441466218e-02,5.151746729406108012e-03,4.878776350853647470e-02,2.063095246940490485e-02,1.253605916019585355e-02,8.738216828957950932e-03,1.126066641769980781e-02,1.577828597733843194e-03,-1.926475287029833687e-03,2.071339140085741784e-03,-2.116284671994390649e-03,-4.692844124293008880e-03,-3.990003684868576560e-03,5.910839798568066038e-03,-1.276818399361247941e-02,-2.343788570660648718e-02,-8.225166577909399056e-04,1.041717327889312740e-02,4.338709449022919856e-02,6.615572945020089211e-03,1.006333893966417786e-02,1.224306449199345781e-03,-1.213677993699422038e-02,-7.353622774851670436e-03,4.606495068153521511e-04,3.167562746682200253e-02,8.656583543970097772e-02,5.667796869257596404e-02,6.238992957594418493e-02,4.130686176589980219e-02,2.193419742871183589e-02,-5.670992373254651062e-04
-2.508320705654308244e-02,-1.994267089888425090e-02,-1.348210136472297949e-03,1.061736573693868903e-02,1.027210446710444952e-02,2.319640819462381182e-02,1.640884764373433738e-02,4.104545544907433653e-03,-1.282754682454003998e-03,-1.215499750248216944e-02,-1.615640686165940171e-02,-4.461015042191937910e-03,-7.953567751982354786e-03,1.243690389509335449e-02,2.761546114906405277e-03,-3.289539298155525187e-03,3.377919473755286797e-03,-5.789561287355998081e-04,-2.361265797129412369e-02,-4.354910058817667781e-03,5.862635496031121281e-03,3.414765869370727479e-03,-1.089358807239940163e-03,-1.015192109563113967e-02,6.173339681717726450e-03,-1.702415012991669377e-02,-1.057218626372359582e-02,2.066520802290281161e-03,-7.202213990114672386e-03,3.945931903244304789e-02,1.050449959944841083e-01,9.342441217687305621e-03,6.698911108532371560e-03,-2.367962948954251828e-02,1.377361814961030988e-02,-4.549610439102192913e-03,-8.849502798679536111e-03,-1.051722775123123226e-02,-2.710328308252494406e-03,-3.019390337551216413e-03,-3.654904106564539363e-03,4.477466896099533376e-03,6.981212406190522718e-03,6.738931896745677802e-04,-1.054244965486244310e-03,-4.280203017970375841e-03,4.569962814740390067e-03,-6.462405245622319418e-03,-3.421806740012853926e-02,5.890609567883715522e-03,9.712505246244165433e-03,3.167210915144048899e-02,6.176144395633625418e-03,2.180181510654499027e-02,8.728539923196519668e-03,-1.435228829825735452e-03,-1.771392187291631311e-04,4.803699510947339810e-03,6.218829823119717071e-04,2.832531343588450337e-02,1.020792398363571177e-02,1.027707577904527284e-02,9.116399234561941775e-03,5.312363272616088192e-03,-2.508320705654308244e-02
8.455483722076955269e-03,-3.005913750892842511e-03,9.644992353889016851e-03,2.332293524385559841e-02,1.156582691832574485e-02,7.400520684021439158e-03,2.211612103484904193e-03,-2.586028669802780712e-03,-1.104511874014365777e-02,-2.523390354224347779e-02,-2.549122987452828032e-02,-1.188722609796908150e-02,-1.141824471547312446e-02,9.364128232985617986e-03,-2.422493076088041205e-03,-8.292725536066320596e-03,2.399956100645373510e-03,-9.734455840053647126e-05,2.975675659017602858e-04,4.090118725449310225e-03,5.729122992857836431e-03,2.222600145565397874e-04,-3.737040363339597191e-03,-7.745305348770048504e-03,8.164836586496483292e-03,-1.272281572409842028e-02,-2.681352108828086514e-02,1.742813257533294561e-03,-6.995244591985724618e-03,1.118665176677694460e-02,9.378644714547505756e-02,-3.925990203077561573e-03,-3.256025921909220383e-02,-4.872906883746647849e-02,-2.163685069613652614e-04,-2.980824526836454210e-03,-2.499884217277532298e-03,-1.799800221315289717e-02,-1.191477516052894675e-02,-8.605546531677201339e-04,3.108871091843527605e-03,9.175015497755116545e-03,3.827451683748469679e-03,-2.032373290111139184e-03,-9.417053290077350911e-03,-2.088565035195316319e-02,-1.275443068009730029e-03,-5.061093473403926318e-03,-3.334493596470406579e-02,1.549250233280712388e-02,1.415058542418979291e-02,2.992185351596841122e-03,-9.413308408478209379e-05,1.794234543463611026e-02,5.845600098217751915e-03,-1.549530094512032666e-03,-2.776422547519329966e-03,5.541164365625269976e-03,1.257374286250833445e-02,2.192507921109265040e-02,3.776009596126210770e-03,5.391706185731450635e-03,2.534002209721726139e-03,1.160791908870162023e-02,8.455483722076955269e-03
1.551767055283822779e-03,-2.445758463152349939e-03,1.740092655247526751e-02,2.413325676604665543e-02,6.448582376128556004e-02,4.730312511066683129e-02,2.604467720898685865e-03,-7.385896976511666101e-03,-4.000425620148427563e-02,-6.436078277041368256e-02,-2.870134222144675451e-02,-6.641551450122922320e-03,-2.292304432417959675e-04,1.088639313044342111e-02,7.527979881626344376e-04,-7.201000940820092124e-04,4.591278918710580553e-04,-2.319326666659422137e-03,-7.985582675377239561e-04,-2.133967992559708104e-03,-2.478330958150060971e-03,-4.949550176964693377e-03,-1.055430650672725158e-02,-1.450736721840745203e-02,-2.031118808214491585e-03,-1.129622428978357268e-02,-1.848025832122469556e-02,1.489147738676212338e-03,-2.407164695644535297e-03,6.473709265553954928e-03,1.137524473621896182e-01,-2.307242685223965042e-02,-2.779202437782984925e-02,-1.346597100232997495e-02,-5.760875233141561982e-04,-9.796716348841023414e-05,1.811348792460286145e-03,9.442022836519842546e-03,1.434589998363660843e-02,3.391193745822791705e-02,2.247430673401922332e-02,1.635036923777909157e-02,1.548785651212587940e-02,1.095541543456111412e-02,-4.374555488564781103e-03,-7.393804383647948827e-03,-5.492550806781927412e-03,-1.032261445506492403e-02,-3.736189145809380718e-02,-3.232801322846001659e-04,2.446187043917227334e-03,-2.801875165702783204e-03,1.141467604366805692e-03,1.479310305149595176e-02,-2.788536577927762383e-03,-5.379800118974990136e-03,-6.368386763953067659e-03,-7.527992733204634870e-03,-4.719723738151529804e-03,1.231221327981024726e-03,-1.079143756543537655e-02,-3.230406417027497073e-03,-3.992712585692313049e-03,-4.431656048317074263e-04,1.551767055283822779e-03
6.210595346543924811e-03,-1.462363537313958461e-02,-4.933836448510769794e-03,-2.801573646729385667e-03,1.591163308610676203e-02,-7.150590743223962480e-03,-1.455881419826499622e-02,2.102896204187046109e-03,6.677471082951977679e-03,-1.034899608937854890e-02,-7.773372206778807365e-03,2.293995213249245147e-03,3.622231664996462472e-03,1.188998090519524826e-02,6.420673160396883281e-03,2.178812896987758832e-03,2.062148203342666682e-03,1.010727984690854789e-03,-1.955433457910361937e-04,1.772921337336179608e-03,1.059953929510651718e-02,2.361573529452256487e-02,9.989813061662725438e-03,1.057306471555165273e-02,6.454315945720354858e-03,5.151437911171446483e-03,-5.676833510965456631e-03,4.009482130063199770e-03,3.546275921687776656e-03,2.022474375963328325e-02,5.068024315163129068e-02,-5.510075668519407582e-02,-9.427873429273300743e-03,-5.454890722702620404e-03,-3.262582508041119139e-03,9.001928113067714828e-05,7.876134589117789186e-03,1.585990134868247095e-02,1.361971856731959522e-02,2.783969575555513346e-02,3.105759695707024579e-02,6.213362995597287997e-02,5.512765398860248328e-02,5.783540067424432912e-02,1.986762719100193184e-02,2.089129843386404884e-03,3.000312191980704108e-03,-1.185450590902442240e-04,-3.837118711927548203e-03,5.238470494708998004e-03,1.791288110040865911e-02,-3.828971278297677461e-03,-9.456960929593616642e-04,7.567181449423086501e-03,-2.014370997101579824e-03,-3.534934847381748096e-03,-2.653099199758492815e-02,-5.314495091277215283e-02,-5.189785902184426009e-02,-1.425509096993049160e-02,-2.500611230943105071e-02,-1.273281922166232937e-03,-1.236200645955376877e-03,-6.447991567500172862e-03,6.210595346543924811e-03
-6.206165510590224647e-04,-7.940053314149715658e-03,-2.692535939710552495e-02,-7.188893870491006033e-02,-1.118175545592605281e-03,-5.939781743516665651e-03,-2.143877093588864285e-03,3.154776171927758943e-02,4.550542003029918459e-02,1.429244337969819145e-02,1.285887668556102634e-02,3.024396652964429777e-02,5.645778884676856679e-03,9.833484743623440577e-03,2.066919585980080826e-03,5.861034905741544475e-03,1.075131450418223149e-04,7.290121233317264048e-03,1.606605379304594126e-03,9.516007031134253100e-03,4.709121111840573401e-03,1.249989112909811453e-03,-4.431060255234561124e-02,-3.000337170620511612e-02,-5.506414141073273996e-03,-9.429814941704877231e-05,-2.634692652455325988e-03,9.792164914451367830e-03,5.584334842355670285e-03,4.162915736479401441e-02,3.394547662099102470e-02,1.019545628327336861e-02,3.006599973443391943e-02,6.996020088743371522e-04,-2.047250341870438233e-04,-4.749868324486730860e-03,2.344864538534197486e-04,-4.951646386839534883e-03,-4.464609026381936158e-03,9.562685270282781855e-03,3.723853378400247133e-02,3.261114289771676472e-02,1.587220538442182804e-02,1.788825790027952223e-02,2.064299542722392976e-03,-5.733372830431297112e-03,-3.175162261298540567e-03,-3.612202624733011538e-03,9.370713841895348273e-04,8.147099177269667356e-03,1.305617044727938256e-02,3.731744002662132614e-03,-1.865332180749096390e-03,-1.708423352541245041e-03,-6.966265415239296203e-03,-3.955076186754179771e-05,-2.401109634755733014e-03,-3.656554653742243944e-04,-2.252915330706411340e-02,-1.562414968721736325e-03,-2.040012798897922891e-02,4.480432258126988004e-03,-1.068472892745739658e-02,-2.677513145711685541e-02,-6.206165510590224647e-04
1.493754165969683051e-02,1.662636266224360804e-03,-9.564631581760360893e-03,6.298383793918821590e-03,2.598254848786524587e-02,1.371134711995041985e-02,2.714070294647091472e-02,1.270964468914804330e-02,5.416544172905307826e-03,-1.974228040679814125e-02,-3.033524784439631944e-02,1.276421566741325767e-03,1.462487339959368381e-04,1.266906698756698488e-03,1.270786397647365000e-03,-8.288072931191541742e-05,2.042983758907985451e-03,8.946794900344104060e-03,1.426056492695916382e-03,6.135802865170360797e-03,2.228775609377463274e-02,3.053454116493265966e-02,-7.223160377064058967e-03,-1.808802730728440236e-02,1.174958519256191422e-02,5.444640454763257156e-03,1.652377269446257202e-03,1.368749806162238014e-02,1.599275685132198199e-02,4.446202912824528258e-02,4.657797519569869399e-02,9.184439511387346503e-03,3.186477022624872868e-02,2.295997268931619303e-03,-4.862012511426715838e-03,-1.337625873258701387e-02,-6.266820951979419278e-06,-3.886193484659192145e-03,-3.183063786649273797e-03,3.851863421100899451e-03,1.159187806314826083e-02,-6.611329855936117546e-04,2.556572851901504212e-04,-6.515339074024276492e-04,-2.162608528269716491e-03,-1.030902145683200953e-02,-4.344329497736588129e-03,-1.443829373513570702e-04,6.468107273196349073e-03,1.833532108469573731e-03,2.193859619122278499e-04,-8.181213571703964448e-04,-4.096576024046030134e-03,-4.302827148942915680e-03,-1.139090882861008847e-02,-5.845979555608818781e-03,-5.899490431769789482e-03,-3.686992190458311495e-03,-1.666153552827889447e-02,-1.419129112837461907e-03,-4.911317056535944442e-03,3.530984094390054312e-02,-5.034018169814078727e-04,-4.808366551759461587e-03,1.493754165969683051e-02
3.126780946080223028e-02,5.001828792797208267e-02,2.571040076761599985e-02,2.697656448951566560e-02,5.314170139063032883e-06,6.480576310741490743e-03,2.570056017951598964e-02,1.587406656889008352e-02,6.324474818561674240e-03,-7.344225621588910784e-03,-3.956046126919455369e-02,-2.816878639518464317e-02,-5.425796645700304080e-03,3.617588555692885944e-03,2.706724299548174655e-03,6.416220625180803216e-03,1.247399936310436552e-02,1.794432937951540323e-03,2.204341704436918372e-03,1.746648436225779061e-02,4.611986361747583835e-02,5.647249977201966586e-02,4.574302146551875378e-03,-2.034805161655300735e-04,4.145129071589068182e-02,1.393241662808497594e-02,2.091029141684091000e-03,2.023482907594326835e-02,2.581920314571495637e-02,2.911221998538380054e-02,3.018986562207963322e-03,3.533714528116551224e-03,-3.798711629077128685e-03,-8.282403713646201843e-03,-1.877249145476849942e-02,-1.470042618980348624e-02,-1.725006652632793793e-03,-1.471947465309784986e-02,-3.641707536185791877e-02,-5.285827121688865468e-03,1.487916896292164120e-03,-9.853488423766038409e-04,2.937229565630514617e-03,-2.700028890578764191e-05,-4.424291876319483459e-03,-1.222101237711802589e-02,-3.624555598686400593e-02,-3.333530119969125433e-02,-1.219234413033044861e-02,-4.586636111311032278e-03,-5.241820659391299708e-03,-5.993244492982442197e-03,-5.003419574235755569e-03,-5.174912080286082731e-03,-7.133454704243720587e-05,1.507901650765545261e-03,6.395103945450629317e-03,6.223166386548783895e-03,-3.789161482968287850e-03,-5.427901729363147085e-04,-1.109370017779783653e-03,2.190992609088541349e-02,-8.325421003928091743e-03,-3.408005204446873902e-03,3.126780946080223028e-02
5.139933676843423064e-04,1.129450185361081070e-02,-1.153064409706075141e-03,-6.414404043277948352e-04,-3.544835709614375940e-02,1.551176346807288430e-04,2.964905285044818622e-02,1.938179527843483796e-02,1.768672711780196888e-02,9.943505587359570755e-03,-3.586138532742241380e-03,-1.325828256460001488e-03,3.096582985989090354e-03,3.394424372505426557e-02,1.044412489031941102e-02,6.207940536948262878e-04,4.526886009782507864e-06,-2.023121618834415256e-03,2.230711244213542856e-03,1.612987448601893928e-02,3.406757863050357410e-02,2.975312426011085531e-02,-3.792606241527096515e-03,-3.066787616995148361e-02,6.522099137629152818e-03,1.327724763574809246e-03,9.812226131151249864e-04,2.917875164981990205e-03,7.009520612382280288e-03,8.273688201872225062e-03,6.143147423146243929e-02,5.686408880322355031e-02,-7.506620831908372357e-03,-1.147544057525274643e-02,-1.561004492007046253e-02,-1.603046584906532568e-02,-6.100017718452753999e-03,-6.001732585859466049e-03,-9.686686163856357210e-03,2.955308243666053178e-04,2.451459333188029700e-03,-3.881229612996243972e-03,6.214977987407047620e-03,5.346292190326495551e-04,-2.393152766050925945e-02,-4.313023755249441316e-02,-3.793060875988511077e-02,-2.743931707248676091e-02,-5.464870003104180252e-03,5.502073938812052523e-04,2.291967290032905901e-03,-2.097918821815672203e-03,-3.542927065410623501e-03,-6.177480767071864311e-03,5.406051370752717848e-03,1.302956526543442087e-02,4.053907174908500527e-02,1.446860089437959282e-02,-7.635753362503565041e-04,1.388579411348696670e-03,1.559868034853182576e-04,2.909938533876484188e-03,-2.236618726318725589e-02,-2.011747843529234844e-02,5.139933676843423064e-04
-2.952024980379517292e-03,4.109813905636725364e-04,-7.738749035899313532e-03,-1.204342547426888801e-02,-1.007833697535737705e-01,-6.095395082707297588e-03,2.094899098985860547e-02,1.470465471806929950e-02,3.404221622825293753e-02,1.118003807341412525e-02,3.765306884588520762e-04,4.644598669340678151e-03,2.118774811062253474e-02,6.417842287417599434e-02,1.149573587887935296e-02,9.159261792906166211e-03,7.852731684627661801e-03,7.741557062935293734e-03,4.115105129417592940e-03,8.334830812152665969e-03,5.020161686501200052e-03,-6.642162855933033717e-03,-3.772830127845706871e-02,-5.155449760814969501e-02,-1.065793307269220780e-02,-3.612987614437669377e-03,-1.649570370205211264e-03,-1.552056006718685512e-03,-5.405403420527009513e-03,-2.723590858362510275e-02,5.531297372050142380e-02,-2.637273590922087352e-02,-5.733203690682495135e-02,-3.207859286524895187e-02,-3.118869665864666338e-02,-1.367911950921133976e-02,-1.023912218548512186e-02,-2.529250226412479725e-03,-3.211359915437075104e-03,2.556639222475285463e-03,5.070941493584156003e-03,3.452038699182563130e-03,1.353185907913282207e-02,6.872854440968050559e-04,-2.941789336877735986e-02,-6.586190581997440618e-02,-4.817725572762337344e-02,-1.563974573280873040e-02,-1.992163724436922263e-03,3.336977157015129283e-03,1.169007108748374227e-02,1.693125191032659321e-02,1.709140097345044186e-03,4.162348583454305445e-03,6.764025861139361974e-03,6.538532450119160372e-03,3.326932522497302869e-02,6.042353632274062407e-03,-1.345309004810735926e-02,-6.912641988816788617e-03,-1.201666425978019891e-02,-5.403046056713517453e-03,-2.985383799948347280e-02,-3.329894372856351953e-02,-2.952024980379517292e-03
4.460150867405264334e-03,6.168314866043155854e-03,-1.534157126994130892e-02,-1.490750221423313426e-02,-1.253778931306937794e-01,-1.531178085470686831e-02,3.745234619752155908e-02,1.675684029236196998e-02,1.663840806072969594e-02,5.462851065820019912e-03,-3.134824771230507439e-03,-6.754268236597054569e-04,5.953527758456559835e-03,1.761437030940306292e-02,4.035184413665289342e-03,2.427100476603312462e-02,1.706442047034960677e-02,4.070126604761328121e-02,2.943769182366651888e-02,2.134784476387571739e-02,1.229016292844668616e-02,1.448632502838098027e-03,-1.976095210416830422e-02,-3.631465472815526008e-02,-1.883397491300685053e-02,-4.730167112360526664e-03,-8.844207468292761970e-03,-6.909788286057364469e-03,-1.721463002354636437e-02,-3.940424309914320605e-02,6.504808930719904736e-02,-2.124289096371934429e-02,-4.324304843228292394e-02,-2.594008595469729506e-02,-1.883107571173200240e-02,-1.074671873170325760e-02,-7.188392733609685198e-03,2.235128301123183724e-05,-3.312303904222953352e-05,1.558681383795712787e-03,-1.407524213910183353e-04,-5.294131547695372008e-04,2.027539278651328825e-02,1.907551013934838911e-03,-1.274329817444825414e-03,-4.788033742989843827e-02,-4.235692890311521658e-02,3.295491695480740491e-03,-1.438310397683956340e-04,3.063759451369529527e-03,2.490199711253111760e-03,4.207840206905608983e-03,-5.887836828951556294e-03,9.265624001777815607e-05,1.236525148549035696e-02,1.660734503121169200e-02,3.208199063326613865e-02,8.964013678490213291e-04,-1.644746154056904918e-03,6.628434662148560913e-04,-6.159453034601473226e-04,-4.707226558552517724e-03,-1.465640539459099438e-02,-9.846974518086609729e-03,4.460150867405264334e-03
1.679036109121082379e-02,1.705832470195027886e-02,-3.964760101496891953e-03,-6.501672818114870127e-03,-7.245542378321430388e-02,-5.722261365934712407e-02,1.212942766149681384e-02,1.010624602455673787e-02,-4.026205454341083242e-05,-2.126595599575455478e-02,-1.030383935988235938e-01,-4.186514719480217972e-02,-2.519790109678672271e-02,-3.878267033955771267e-03,-8.302155665130320911e-03,5.843866169320536185e-04,5.307976425379703524e-03,2.020595037072562758e-02,4.883487080220485360e-03,-2.310778671504813003e-03,-6.177716786483282126e-04,-2.488899585206488015e-03,-1.105490057323949005e-02,-1.707486081330832767e-02,-2.541467653781248615e-02,-5.207810382070947146e-03,-2.218471261173062415e-03,1.198947992710731013e-03,2.569451011017181031e-03,6.132872006631852335e-02,1.786221157931618120e-01,2.478585774409768766e-02,-4.757898322031428313e-04,-2.099046889761223972e-02,-8.667975305660956253e-03,-2.935071140353449383e-03,2.887254913064109577e-05,2.379645825617665925e-03,8.305867603055460801e-04,-4.298415496537960363e-04,-4.912461303562966992e-04,2.364010739485056245e-03,4.569262790769535593e-02,1.919839830377642739e-03,2.786214576966586885e-03,-3.110166071201336813e-02,-6.704288099436074566e-02,1.685222262889386757e-02,4.421018177126439033e-03,7.909883311716662396e-03,1.067914905162835847e-02,6.153979879795650788e-03,-2.526207372991460566e-03,-1.495337374156272686e-02,4.187953743974509070e-03,1.924165870542673788e-03,1.513051591843661732e-02,9.172766191130490507e-03,6.990885750705624901e-03,7.924948202508335857e-03,-1.634818786575650005e-03,-6.947478036335361790e-03,-1.611650251617207513e-02,-2.125044577571859241e-03,1.679036109121082379e-02
1.026412930979890602e-03,1.179388725140217151e-03,-4.457587737881641907e-03,-3.495859405636029356e-04,-2.269663103971524681e-02,-6.221570391788847770e-02,6.285939030684679777e-04,1.952302885428374227e-02,-5.588088215105622286e-03,-1.435299146417069738e-02,-6.030424050640001421e-02,-1.656672928624279562e-02,4.822238392872656566e-04,-1.115963038940537624e-02,-1.551665379280851506e-02,-1.875732321766441363e-02,-2.082300134528693517e-02,-1.157878697930211226e-02,-2.872043105668948410e-02,-1.987278236526464695e-02,-6.780960272809669759e-03,-7.269317296643922933e-03,-8.595607105954746613e-03,-9.913438355010142922e-03,-7.517241681104528707e-03,-4.892452421132805970e-03,-5.308119338796084968e-03,-1.676347256927781908e-03,1.233692602127858112e-02,8.176295679098899427e-02,1.073471091090371088e-01,3.937805779065642331e-02,1.371919878187768775e-02,-7.275813027108857592e-03,-1.469520056591539165e-03,-5.185271039330114663e-04,2.708363029833590983e-04,9.705350316710823324e-04,4.299798056913504800e-03,-1.009954994231091526e-03,1.825634414287529531e-05,3.969342730993378403e-04,3.118831710065574775e-02,2.918857098421988837e-03,2.703833126796312963e-02,-5.107885865721812323e-03,-4.949441064061267659e-02,2.098393435514509919e-03,-4.790883774371842811e-03,-2.455523438274782866e-02,-1.366502566948474967e-02,-2.809810647091006211e-02,-2.952105229261180880e-02,-3.585906779380666765e-02,-5.993904474990850891e-03,-7.860842246524857866e-04,-1.468947357119712371e-05,-5.776230256914495140e-03,-5.327230885932051751e-04,1.001418784603068726e-02,-3.705007115239345589e-03,-1.206141482287937869e-02,-1.468224189456749512e-02,-2.292355436595457530e-03,1.026412930979890602e-03
-4.939183769927080192e-03,1.573053939689187937e-04,-5.065836405088536276e-03,7.229297900024645937e-03,-7.570466439638906097e-04,-1.493379993625322012e-02,9.425337077818573411e-03,6.001528602629510600e-02,1.370304036084395855e-02,-4.006368231242663641e-03,-1.349855072718819660e-02,-2.256785865718888371e-03,6.239999199022549722e-03,-9.158154855275194364e-03,-3.338941384717897948e-03,-6.430277003233017021e-03,1.006627944154996415e-02,2.534075962059320272e-02,1.156756224443158390e-03,-2.344066717697258079e-03,-2.793555641716186349e-03,-4.954799469000714315e-03,-5.769971903907157064e-03,-1.204687542595694535e-02,-1.787703059895380531e-02,-6.836282805134758292e-03,-2.192604614917512650e-03,-1.582706547025453494e-03,1.513327651988006194e-02,4.286958414224328190e-02,7.011395468236210349e-03,5.825214388703745839e-03,6.085324240692969490e-03,-7.707066112092367770e-03,-2.934468543530431139e-03,2.067766229352732948e-03,1.020312342686804409e-02,9.514011210191970769e-03,2.763194873303412291e-03,-5.157258038111915167e-03,2.721560086295955229e-03,9.518909680840367468e-03,3.656470118895679966e-02,8.954459717596603349e-03,1.353772023471948305e-02,-1.677500468774317105e-02,-7.517832152048394001e-02,2.714011936844088965e-03,3.494165409418263646e-03,-1.878913548623474625e-03,-5.645657227098844176e-03,-1.195827733547456286e-02,-5.393164745632385293e-02,-1.847715009244221482e-02,-6.808724340538614391e-04,4.916845313385604342e-03,1.774640361033093900e-03,-7.891755542715222019e-03,-1.013931026739661560e-02,-2.764914827625710955e-04,-1.803708583510859123e-02,-1.742346521676944524e-02,-7.283333960534659965e-03,-1.591571479728237301e-02,-4.939183769927080192e-03
1.676791919453063991e-03,1.362961258013511631e-02,3.679330599636550236e-03,9.846671524617222476e-03,-3.849547475670309711e-04,-1.463127329177302000e-03,3.946095156587243330e-03,5.263918194249644217e-02,2.347485154520484105e-02,-9.643988582709056990e-05,-3.327536293385972843e-02,-1.988187488105330400e-02,-3.351453104587232544e-04,-5.684895955997433699e-03,-5.841529264173578664e-04,2.461081205062741906e-03,4.228056960161840488e-02,4.105436030033390166e-02,1.014029183803479700e-02,-2.442030381567294236e-03,-9.723051850351445424e-03,-1.077937984426130709e-02,-1.035027338146833099e-02,-1.316115448402352742e-02,-2.362618355640335246e-02,-1.434689211282739324e-02,-1.381458778556902012e-03,-8.861568091205680384e-03,4.822535142970972057e-03,8.326817660209383503e-04,-5.283367036152346492e-03,-3.488200642880099744e-03,-3.481238698915361130e-03,-1.536392615608632786e-02,-1.611167234039662111e-02,-2.513074946563546418e-03,2.294781404692153998e-03,7.971687530612989181e-03,5.472048915039454987e-03,-2.469166362133186192e-05,2.060039591979440944e-04,2.185585604036348328e-02,1.452776757416152087e-02,1.194181502603556926e-02,2.934905915463832584e-03,-2.078408934903307886e-02,-3.926041006377389148e-02,-1.760003128283331225e-03,1.231915431441314712e-02,3.028370953971791513e-02,3.070472127733710546e-02,4.377422251262568648e-03,-1.541641190255957361e-02,-7.445906102134218366e-04,3.868409712577753918e-03,8.398992448946769824e-04,3.312645076401559471e-03,-5.739752526932140157e-03,1.660469120704961029e-04,1.282708468687734568e-02,2.874631367630186597e-03,-1.879024191338751022e-03,7.149919047832476717e-04,-4.622722946873307308e-03,1.676791919453063991e-03
1.358814774543928849e-02,1.450336251246503103e-02,9.721841568749450477e-03,3.784623977556580803e-03,1.287639701022631690e-04,-4.146990789460552949e-04,4.590495853451552477e-03,3.559763644595217991e-02,3.639140255159941523e-02,-1.090891008010991286e-04,-1.542476202518947709e-02,1.133465157938003121e-04,-4.543218866187041273e-03,-1.681973878524393659e-03,-2.748504429426779864e-03,-1.483630066672754228e-03,5.495095222558116221e-03,2.574723713729471994e-02,-2.304895125819724812e-03,-1.764832077047805842e-02,-2.012403757123657280e-02,-1.310957346633352498e-02,-8.503539958776432442e-03,-1.426989256638818912e-02,-1.318634312533110454e-02,-2.098131524173523204e-03,-1.760200860815717603e-04,-9.357036649262283692e-03,1.496237051549580144e-02,3.916776087947214467e-04,-9.341033610836128528e-03,-1.292914080801280119e-02,-1.712562916979424449e-02,-1.724125491398978763e-02,-2.175020690419884883e-02,-1.448109303320170788e-03,1.178831579050579337e-02,3.693829959697840504e-02,1.053216878065526760e-02,1.246986942054030198e-02,9.862453803208277425e-04,3.668817011922272109e-02,7.345217010059734535e-03,5.225481619214008763e-03,4.020465525658138521e-03,-4.645584454571294146e-03,-1.384840214900939954e-02,-7.262858170953032729e-05,2.584180655867072962e-02,3.748350918862301817e-02,3.790981963847735170e-02,2.385661214609140213e-03,9.498645723130257068e-03,1.183242351466040100e-02,1.676570470945233302e-02,8.227346072444336519e-04,1.115358581162520990e-03,-5.685659118582447706e-04,1.180974015856911356e-02,3.568279863882083819e-02,1.866571769381561441e-02,9.157901936566505965e-04,8.704698734056231027e-03,4.098362551966825036e-03,1.358814774543928849e-02
-3.506211732664078567e-04,-1.579784240371255978e-03,4.941776616741585908e-03,2.856092796501871582e-04,-1.350974375530467303e-04,-2.833422520366340232e-03,2.332730675853261250e-03,1.946232614026991575e-02,1.208307165821126961e-01,2.077624678299369934e-03,1.350893672765447230e-03,-1.063505414695116967e-03,-1.139173824598668913e-03,7.832624271711483444e-05,-9.955340982528604506e-04,-1.451871858100954420e-02,-2.851233571519254124e-03,-6.518959118036059177e-04,-1.929043371577197907e-02,-2.093582121767849358e-02,-1.110104017926923266e-02,-2.836071846721159237e-02,-4.620502075874421272e-02,-2.272061293967966161e-02,-7.497819276379173205e-03,-1.136055700772400738e-04,1.567540863993837925e-03,5.706688436216048217e-03,6.817385055831412001e-03,2.267497538252775079e-03,-3.616699259704757828e-03,-3.630455997421896258e-03,-9.604677012029334826e-03,-1.493129194991029904e-02,-1.658543427762333017e-02,2.882354457050744314e-04,2.806929787239455590e-03,8.788581124555843241e-03,-2.376145919271582113e-02,-2.939821733221275810e-02,-3.169306975256031000e-02,1.193374011688928468e-02,7.325585503203963650e-04,8.915692295541824755e-03,1.804358954749665095e-02,5.024941071144308109e-03,-1.454904319096413491e-03,1.932595496919010253e-02,3.105051531486976296e-02,5.351737147452079874e-02,6.386223919779772384e-02,1.870774987217720814e-02,1.045152873127953679e-02,8.759673998109994766e-03,2.227973723818696059e-02,1.455717713895021345e-02,9.369257514017402186e-03,2.616628444075390358e-03,9.543063532900779994e-03,1.917873781318280360e-02,2.131139883896672818e-02,7.920449094028475523e-03,4.415996101644848945e-03,-6.324285272081103977e-03,-3.506211732664078567e-04
-2.715191748040010188e-03,-6.637910311105837827e-04,1.151358546718094581e-05,3.698924323904691615e-04,-1.932073219129807641e-04,-2.271691279129656616e-03,-9.539186529717371158e-04,1.429020930504116063e-03,4.485441323078916132e-02,-4.413489777274041959e-02,-4.371085140513320845e-03,-2.741294888834470023e-03,-2.775282091537733999e-03,-5.541822875239196724e-04,6.688846865147423130e-04,-7.816305157841308554e-03,6.129918866923584828e-03,7.479470169749285156e-03,-6.284318326680233321e-04,-9.813237661100013970e-03,2.682388654167121474e-03,-1.395634089582898805e-03,-2.140659932611801639e-02,8.830726163317497227e-03,1.039838284416929291e-02,5.959446271175174517e-03,7.436207948517754157e-03,7.947470379498923487e-03,3.740116684489835832e-03,2.439224063669152669e-03,-3.666777268693986410e-04,-6.841371904666125603e-03,-1.134810194109166746e-02,-1.182802976512254203e-02,-1.825976249285828426e-02,-1.275553626698795143e-04,6.013518814663991463e-03,1.511705263704201177e-02,-2.030157147843561494e-02,-3.997933511410971252e-02,-5.466042193831024271e-02,1.246259770449070423e-03,5.238557104609417939e-03,1.719882038027157473e-02,1.832105231826097053e-02,1.001788755759948531e-02,-2.137841181352965331e-02,1.330428151351332848e-02,3.385785707986860987e-02,4.473538289094291381e-02,6.075516413287508806e-03,-1.669251942554930007e-02,-9.112013808655526625e-03,1.266825140232536373e-03,1.300677099489066027e-02,4.415126046455897409e-03,1.432964498775779472e-03,-1.950684662535876477e-03,9.891678157951274124e-04,5.106503075125184803e-03,6.736314859576597591e-03,-4.096369395985122283e-04,-1.278937983172381311e-02,-6.890612394368716455e-03,-2.715191748040010188e-03
-1.522070182387502062e-04,6.392277169962374715e-04,-2.063819187003589935e-05,-6.475549139180203102e-04,-5.371548216196802943e-03,-7.846350348708961212e-03,-3.935440039311932300e-03,-7.929385589815018606e-03,9.078331151260263243e-03,-2.764942998306660349e-02,-1.944058059581764766e-02,-1.731651154099518586e-02,-1.213545153144085509e-02,-2.765025186348120043e-03,-4.989797525481806315e-03,-1.036651774012977822e-03,8.600362522892571540e-03,1.682062281964849179e-02,4.989174514728888718e-03,-4.720562851243674703e-03,2.715840439802711878e-02,2.546510382095772823e-02,1.800376499451238142e-04,2.546948627701060494e-02,3.452551078134893231e-02,2.319551386568033738e-02,1.017747739074169842e-02,-7.329379249079516793e-04,-1.804631527079265333e-03,-4.832027985782462627e-03,-1.082998978321694870e-03,-1.503883086605209245e-02,-1.084927205964466082e-02,-1.637845087947790296e-02,-6.471852802683719999e-03,3.774768105503341267e-03,3.251138283964933456e-02,4.713675714371665798e-02,-1.728029820892034753e-03,-9.625162935250373281e-03,-7.354728172011266822e-03,1.493245229391812305e-02,2.532425233735405984e-02,2.922864523015118732e-02,2.433835421354509781e-02,4.919270818431722894e-04,-4.523630430115450907e-02,-2.063596695993662883e-02,-2.309201613977372031e-02,-1.438456871694313542e-02,-1.178355107120663062e-02,-2.264768756350686585e-02,-2.425357711309315129e-02,-1.249114776392778320e-02,-2.769893701397743539e-03,-1.081804459967625849e-03,-2.591595576759899745e-03,-7.800101091428335645e-03,-4.215031056794622984e-03,-6.981506537101999331e-05,1.632040257898875182e-03,-4.426553351703769144e-03,-1.303679376807477183e-02,-5.248301444476469006e-03,-1.522070182387502062e-04
-2.208347212404676249e-04,1.606793466740986595e-03,8.012607225770760093e-04,-1.831960427398649557e-03,-1.457520334683901921e-04,-6.171829111754275309e-03,-4.042999587554051664e-03,7.499634030693181318e-04,3.512712668561661627e-03,-2.394093596150232393e-03,-6.804835103634989009e-03,-5.750686491107309846e-03,-3.589305227675957614e-03,1.748205558082801397e-03,2.057813926318717568e-02,7.173167761450089004e-03,2.521416546230382822e-03,1.745136941056528099e-02,9.948311921212081924e-03,-3.289958372129081401e-03,1.006888017626246350e-02,-1.526627801582329177e-02,-3.518492186949939704e-02,-4.047562016755153896e-03,3.502288528077030644e-02,1.958841260580282406e-02,-5.989708036811286496e-03,-2.120484517494759455e-03,-8.280319090513190436e-04,-1.307142619041637465e-03,4.418931429098843446e-04,-1.189035876256243178e-02,-1.087891255044628851e-02,-8.487332836502580954e-03,-4.536781121256916113e-03,-8.109836644139193198e-04,9.559913638551372980e-03,4.707655270572002129e-03,-9.364782055332846258e-03,-9.855311249463032108e-03,-4.519481503544805351e-03,6.278727961725024710e-03,2.483938886640774460e-02,1.008773163670714790e-02,-3.972912005666018212e-04,-2.803324744148384673e-02,-5.089048772161483547e-02,-2.508254446709938523e-02,-2.649268578555682291e-02,-6.309909197144362991e-02,-7.738508986321544769e-02,-8.302199842214712244e-02,-6.942404499718490829e-02,-4.556691135165243101e-02,-3.013402367089701786e-02,-1.013437623450164082e-02,-1.651118793819721098e-02,-1.127925490385806029e-02,-4.911398427868695314e-03,-3.918747692317335363e-05,-2.621149428621903730e-03,-1.415424890153352266e-03,-1.066061178264173133e-02,-5.990284949644817010e-03,-2.208347212404676249e-04
-1.650923030775500741e-03,1.169717768900721734e-04,-3.832359308412582391e-03,-1.254351885244224009e-02,-3.621354800170944934e-03,-3.356124915452394705e-03,9.942818059519593216e-04,1.318866498316760766e-04,-4.563972333845117365e-04,-1.687624631775715492e-03,-1.301839198089658860e-02,-5.617509126961233758e-03,-7.417357779943810348e-04,8.696832718006570692e-03,4.659685311639743394e-02,1.596060425079997777e-02,1.944285848799521144e-03,8.673403467996767743e-03,-6.625009869942652049e-03,-3.626215477395954706e-02,-7.888238133321493276e-03,-2.683977909514225629e-02,-6.466649080732941868e-02,-5.876617674761882432e-02,-1.790658923272319888e-02,-1.627903035662910461e-02,-9.277250377705826808e-04,6.709852721907406232e-05,2.711726666276257063e-03,6.544399406903071356e-03,8.386587587025529783e-03,-4.015614213399972205e-04,-2.304546454155178507e-03,-7.638473644795108969e-05,-1.000424853607656322e-03,8.027830114143251830e-03,2.697080076791031830e-02,4.465393323476410381e-02,-5.173371631661395458e-03,-2.019261395514852439e-02,-1.430376471261381698e-02,-7.303799464925363324e-04,5.111344890844902490e-03,8.552669978545925436e-03,1.122948011227378404e-02,-1.522948778928607388e-02,-3.847826404071993250e-02,-2.605096568665079756e-02,-2.232215258095135088e-02,-4.226086280850455297e-03,2.188527601984389427e-03,-7.218431043280720133e-04,-8.584338163224798646e-03,-1.624326504512972960e-02,-1.932713744753278978e-02,-2.512076838227613861e-03,-9.832271797711799460e-03,-2.747284601777699731e-03,8.207156758268531309e-05,2.864921613939131178e-03,-1.474482713528068277e-03,5.260541390117222903e-03,-3.722553291509986262e-03,-2.101096976146823309e-03,-1.650923030775500741e-03
-2.983151155077153668e-03,5.243627798814112784e-03,3.140360219332385613e-03,-2.234412810199081292e-03,-4.527049202042419257e-03,-8.532693954848966436e-03,-2.830717215722540481e-03,6.526219799976537041e-04,1.913367122758404589e-03,-2.096842978995806534e-03,-8.245018172986808697e-03,-1.500653266882174403e-02,-5.416757371640192747e-02,-2.752351410026491335e-02,-3.243811873593469355e-03,-7.792579152330853659e-03,-7.881426551997717037e-03,3.180415781043299805e-02,1.394759241937161900e-02,1.993402335706737430e-02,2.302872884615955740e-02,7.571694147743165916e-04,-9.971428779149471566e-03,-2.198759780160713592e-02,7.531385752016763781e-03,-5.638250007280868649e-03,-1.934601879083571114e-03,2.260415022355369177e-05,8.992019842343806219e-03,1.459236484785967312e-02,1.030286417001215031e-02,-1.056013608397095641e-02,-6.146216026101188404e-03,-1.161891860000463468e-04,-1.045037419878133764e-05,2.078986191813253503e-02,1.633474499885119099e-02,2.283541305236838626e-02,-1.145980052279609723e-02,-3.885104198301680967e-02,-2.657159009259218302e-02,-4.717065758555193805e-03,2.708769456749227610e-03,4.973829173099161664e-03,1.021648168100601321e-02,-2.414747662283021554e-02,-1.393713652185738297e-02,-8.993355718891041554e-05,-6.705955225494889351e-05,1.114665200680513626e-02,4.413667977236108986e-02,2.011188052275940732e-02,1.789619958768002769e-02,4.872372505622226194e-03,1.043962218912226556e-02,6.295778622002554635e-03,6.827623929949924904e-03,2.902529686505169598e-03,2.186013697761798533e-03,-3.998798642462129092e-03,-3.343801256419082213e-02,-3.107423725553692864e-03,-5.728511253169371467e-04,-5.054799164088407369e-03,-2.983151155077153668e-03
-2.233768667451569833e-03,2.814022295919469275e-03,5.595706342997754101e-03,3.111975069732552421e-04,-7.185499173944529493e-03,-5.330472069170548791e-03,-4.128194405908243610e-03,-1.852388223757446279e-04,1.781850491057503658e-03,9.487566384836092258e-04,3.534401555847545024e-03,5.487768241155884831e-03,-3.306268098786990968e-03,-2.949129443888774140e-04,1.598807076350961670e-02,1.291695060312392750e-02,-6.847854599796879271e-03,1.938991872146974410e-02,-4.935274223375678108e-03,1.514942381136626407e-03,3.181090249440545609e-02,2.056078038448490644e-02,2.395719826347479306e-02,3.611337325353568967e-02,2.807053363849430078e-02,4.046763157868143133e-03,1.934027839720607253e-02,2.294507980071231260e-02,1.362720237495368761e-02,1.640806854413089447e-02,2.705395979295909317e-02,1.962382755070108797e-03,-1.515065640634645494e-03,-1.386447937851939625e-03,-5.278859539468458949e-03,4.954964715529947862e-03,5.131917109174527654e-03,1.534610659888830525e-02,-1.502693788131047228e-03,-3.175510371500235574e-02,-3.539725604979915285e-02,-1.016684959549271801e-02,-1.044254205024966291e-02,6.993204182434466232e-03,3.890112255236798534e-03,-5.255527558979193950e-03,-1.526692367708659378e-03,5.976824596868006781e-03,1.366896848122376926e-02,1.713159888172752568e-02,3.652310232522502920e-02,1.884657046664231853e-02,3.782074473097761513e-02,1.608812763016271088e-02,3.557416388368881549e-02,5.972244225211352855e-03,6.431251521722968455e-03,6.909946886384622962e-03,2.045285826143950977e-02,1.148187794926876747e-02,-1.277344013114553936e-02,3.168158717625623594e-02,5.984203389511313399e-03,-6.223780244496678916e-03,-2.233768667451569833e-03
-1.054812816927397281e-03,1.277369588630049838e-06,6.261167472034511513e-04,-4.178153634853284948e-03,-2.072459549181156907e-02,-1.021768498250214506e-02,-4.701760141431835134e-03,3.015618557274029297e-03,2.785677937315793416e-03,-4.572919278078937423e-04,-8.966467377662299103e-04,1.448536141540024110e-03,3.900878873839421813e-03,1.885485562550171055e-03,1.050340267909487604e-02,1.087325670098695379e-02,-9.915811616064633405e-03,-6.874092695947848879e-03,-1.116885486889292005e-02,6.972352993314543702e-03,2.922386560622033946e-02,8.429937148050160867e-03,7.535775326950647744e-03,1.113677032202048216e-02,1.850566984008533006e-02,1.080501010427769616e-02,1.748991384799027798e-02,6.652698581360386339e-03,7.432389466164954044e-03,9.164246314734772339e-04,2.068513694937735518e-03,-3.375908609415204445e-03,-3.195732108876428879e-03,8.530686573226474098e-03,2.402893264218636249e-03,5.986823546278900211e-03,9.099826168602094187e-03,7.270908772689305306e-03,2.078341396145669696e-03,-7.259115451229951853e-03,-1.006874409003501690e-02,-2.510174549282307137e-03,7.681971714693163270e-03,2.465553081015508727e-02,2.644636920911000444e-02,-2.618288564514959383e-03,-1.852350521971913438e-02,6.012059701940447760e-03,1.681377937521439520e-02,2.981203351490663289e-02,3.176844075935609385e-02,1.104143245502495208e-02,2.353290485411841000e-03,-1.342845033644334994e-03,8.785123447968102650e-04,-3.434871890500128429e-03,-1.088664106356578313e-03,2.001854157455547692e-03,1.275387428764114192e-02,1.382422046662042971e-02,-4.150647134791023325e-03,2.332571920389450021e-02,2.730569574180988744e-03,-5.521644374033082316e-03,-1.054812816927397281e-03
-3.819329132049284915e-03,1.887499216094618926e-03,2.013667817709669308e-03,5.601101679973291038e-03,-1.285199978127368400e-02,-5.154717487217528975e-03,3.135872945496148874e-05,9.229597630369000896e-03,5.598302396424129079e-03,8.948294799939400176e-03,2.564350995064389183e-02,2.429722209477493469e-02,8.070659679561996078e-03,-1.692180592127005357e-03,6.022149173649190591e-04,3.653209696563679710e-03,-6.921106452016019886e-03,-1.402320237998710278e-02,-2.516262359581823357e-02,-7.496830342426471410e-04,1.263323481082934477e-02,-1.470197258367482050e-03,-7.626730235484864649e-04,-2.838607882049911128e-04,-6.048066949669694391e-04,-8.987822988080394759e-03,-1.013536040530999341e-03,6.565792214248918936e-04,4.047063092246215923e-03,4.815167300620025264e-04,2.627998075722037027e-03,-1.702301872068283503e-03,-1.281801910352748514e-02,-8.144362633364861034e-03,-7.077022524663435614e-03,-6.134448017438509865e-04,1.110867367306837480e-02,1.096910776006668718e-02,6.939754844710314084e-03,-1.788965933981226126e-03,-4.613144554640485027e-03,2.853279668349660136e-03,2.905594101762922626e-02,3.777352857559299060e-02,6.242347602864707634e-02,1.814710119711462552e-02,5.378633429987841191e-03,4.533112046961452340e-02,2.185491964777459481e-02,2.414093242631170158e-02,3.258260710995212160e-03,2.163056382448530750e-03,-4.333491272257248943e-03,-2.157561705616016685e-03,-3.499391427252303548e-03,-2.833662015360246048e-02,-3.116466931882809835e-02,-4.551773537269454030e-03,7.626327727661238141e-03,2.570944090012258418e-03,-9.788199590245337881e-03,1.240780652931177536e-02,7.589115237022965067e-03,-1.548832834299560847e-03,-3.819329132049284915e-03
-1.283160749708234412e-02,4.793277372426163127e-03,7.833286797281820493e-03,3.405090515233387578e-03,-1.249416975957179377e-02,2.287242796853308652e-05,2.783661423552804474e-04,1.092448950604956587e-02,2.946716164474532870e-02,3.579870512081372719e-02,2.463810913154244539e-02,2.708785722612119112e-02,2.280675722533228450e-02,8.707079334819513641e-03,6.534138712757526710e-03,2.209549145969633838e-03,-4.029094316674194237e-03,-1.251359330840771771e-02,-1.277800002108963467e-02,-2.981605349586139786e-04,8.789874999711073944e-03,-6.813093675140356915e-03,-5.757269120055844361e-03,-7.819566907264185671e-03,-1.836983974641127199e-02,-2.660664717031220247e-02,-7.685856054103186799e-03,3.114776692770492537e-03,1.556910599983885599e-03,3.868372689033606885e-04,6.849321804932033582e-03,2.353859760004280675e-03,-3.377785865319629221e-03,-7.276034474974796707e-04,-2.179457838705118038e-03,-2.304786225843111214e-02,9.956637000746072427e-03,7.200637633553026197e-03,6.845128342214383370e-03,1.701329079470872063e-03,7.357186234434169060e-04,8.392053122193050829e-03,2.205362117843377712e-02,1.830816873687368673e-02,5.394653633951185939e-02,1.563211607427191646e-02,-5.238505503101863192e-03,1.045234830454060473e-02,4.325197201972030142e-02,7.156483485852657700e-02,1.798750500632586777e-02,6.206189361154704209e-03,-1.819971883082304202e-03,1.433395190499440726e-03,3.825787469997768224e-04,-1.283397154060045980e-02,-4.845316890412841582e-02,-4.709539645105861871e-02,-2.463054918283135927e-02,-5.238350005425783211e-03,-1.105609508665456216e-02,-1.980827093802233624e-02,-5.074411923148629613e-03,-6.904000533272517705e-03,-1.283160749708234412e-02
-3.226353832801769008e-04,7.320656952513780562e-03,5.319702611645826806e-03,1.029963961440232521e-02,1.325255750801280184e-02,7.481079660167828244e-03,6.226683513122772788e-03,2.049296572153625970e-02,6.981706284551943489e-03,7.726723211435904820e-03,8.976968294343039625e-03,1.058094127534281188e-03,-1.199743166584700971e-03,-8.726144923511987284e-03,-5.470134241501389827e-03,1.998100101357453730e-03,-1.882491726647493504e-03,-9.185070765713482244e-03,-9.491111874640669615e-05,4.979677215016394508e-03,2.153906931046901951e-02,-4.954838505525474600e-04,-9.074831024582478631e-03,-2.066920743056266125e-03,-9.455931110048465885e-03,-8.724656331666084258e-03,-1.609517510601552945e-02,6.130975391632118542e-03,-4.741065290708138154e-03,-4.032139852114708344e-03,6.407050944969846368e-03,4.664665113336441166e-04,-1.994429215803993852e-03,6.239453982140113434e-04,4.581556936240836243e-03,-2.748499967220907267e-02,2.012922823588387394e-02,2.632143968586614716e-02,2.526060338306866659e-02,1.138561315788969887e-02,4.334265127169383870e-03,1.881840919412942339e-03,1.554032255944854876e-02,2.481593883877924230e-03,4.392363366055283130e-03,-2.984016059082156280e-02,-5.135507357554606328e-02,-2.177707143359759734e-02,5.801702591415370397e-03,2.500870047118754907e-02,-1.257129248057209728e-02,-1.348517046341744818e-04,-7.272353182405215128e-04,7.958913317405360427e-03,2.645882182325610781e-03,2.467458258263386869e-02,-3.038719867828710772e-02,-2.464614585772690811e-02,-4.615518023850519527e-03,-1.246061872138602700e-02,-2.222659945676875790e-02,-2.937972053969300362e-02,-3.099762217537353846e-03,1.203544739677851110e-04,-3.226353832801769008e-04
9.679394150169797839e-04,1.141517105425409948e-02,2.963249098973322684e-02,1.830078868154266097e-02,7.265498924222535751e-03,9.646917726746393612e-03,7.964781139506816460e-03,1.822785012249435567e-03,-2.382097033019484836e-03,7.714229613279382754e-04,2.727710611423921419e-03,-9.405408464883392716e-03,-7.184603819027983798e-03,-6.293912842232211521e-03,-1.416336472096029094e-02,-3.334463306162434564e-03,-7.897278625254542132e-04,-3.352870706848946978e-03,8.239722533592135426e-03,2.053527241277619889e-02,3.409037483642272243e-02,9.675453881230394737e-03,-2.592969703265075171e-03,-1.494997678925735155e-03,-1.936345134405052446e-02,-1.297198442749240323e-02,-1.322195263165721647e-02,6.077370521077146183e-03,-9.778920203572761052e-03,-1.972008170206071380e-03,3.098832166030397045e-03,8.389201579993023870e-04,-1.215070309201168094e-03,4.851605519059229779e-04,7.777461247367765430e-03,-2.397793730747974084e-02,1.145933563770751284e-02,2.652666388111754245e-02,1.323030630631527246e-02,3.502780646498200937e-03,3.472587782088518800e-04,-3.575717996815789266e-04,1.121544731448527107e-03,-2.506831289349724465e-03,-8.779071439091099254e-04,-1.276191206299614501e-02,-3.236238961064734354e-02,-6.005832157012055278e-02,-8.958952932643820741e-03,1.296341460556455069e-03,-1.358383363317002684e-02,-7.762018371284138719e-03,1.560723759838453196e-03,8.161165692258632101e-03,5.324768996307806127e-04,2.702499186983606597e-02,-4.515725484475448855e-04,7.965166197380085453e-03,4.600156825427894475e-02,2.691163258663212265e-02,1.824920582087543458e-02,6.060182922132695618e-03,1.160685155378186895e-02,9.274487077777827243e-03,9.679394150169797839e-04
5.021654452585534549e-03,2.810845689842411677e-02,9.747100400014967192e-03,1.121060801145528718e-03,4.646248315657481448e-03,3.658313130818256244e-03,4.799282681674494830e-03,-6.522731666541573166e-03,-2.895656523456031917e-02,-3.024483621528296223e-02,-1.799112508261934557e-02,-5.874507793820196722e-02,-3.962707687470067713e-02,-1.705896243050596464e-02,-1.548098856343183179e-02,-3.419774730942837931e-03,-4.207517076883987919e-04,-1.617345389270729108e-04,1.063573885893951895e-02,2.153341891650119647e-02,2.043872010964516844e-02,7.403994307623298042e-03,-1.176390682903965070e-04,-2.122712214698574146e-03,-1.509197725562809109e-02,-1.533384101568615633e-02,-2.695425722499689841e-03,1.514922330740075228e-02,6.169216738052403851e-03,8.815562702634028094e-03,6.260515308396815380e-03,1.066309692741434882e-02,-2.553864561301735867e-04,-5.227663714443753955e-04,-8.129765614156680975e-03,-3.997185007472613821e-02,2.593759903016457229e-05,1.699324160748112017e-02,5.966688110890150734e-03,5.103210806202336178e-03,4.187024899791046487e-03,6.448935135611056496e-03,4.350912170075839878e-03,-1.917704865409988789e-03,-8.269250182018794693e-03,-1.049107762534418238e-02,-1.783300089327613525e-02,-1.252357685073359102e-02,3.329770950447815542e-02,3.594038809780576021e-02,-4.983835558861384081e-03,-9.754955779802988725e-03,1.669170257915033109e-02,1.915435654891134432e-03,-5.216103475970203284e-04,-1.257882483137097484e-03,-2.694802514229271626e-02,-2.465140627670842077e-02,2.711832042677818008e-02,2.451418558465815606e-02,1.578291159584123068e-02,1.269778172053609606e-02,1.442033857487206965e-02,6.008073725303019960e-03,5.021654452585534549e-03
2.705718714368704828e-02,1.578570388437053676e-02,1.087858311420326300e-03,2.773447982797092688e-04,1.371871346432253528e-03,3.248877118185009797e-03,5.539080380731323944e-02,1.894351369558092482e-02,-1.765411570332685656e-02,1.180387496569254048e-02,6.916220099031266527e-03,-7.188277238318960673e-05,-6.472468071973650448e-03,-3.788077925916188710e-03,-9.371531637196400463e-03,-3.321434498101674335e-03,-1.255160718963370132e-03,1.830740107765747103e-05,3.591896829442968973e-03,2.210347888448694134e-02,1.917298617936136554e-02,6.170432849276620384e-03,-1.364428266344520392e-02,-2.346276606603458006e-02,-1.845436161316512530e-02,-1.469288587282269187e-02,-7.602545847338385704e-03,8.126195123946335086e-03,1.333706791227889064e-02,1.742919443683587158e-02,1.477402737754758381e-03,1.583456693881206629e-03,-3.263937629456843486e-04,-7.519305066500397636e-03,-1.349657168021858693e-02,-3.309033183046725113e-02,-1.332823415584976875e-04,9.100494143787100703e-04,2.920274016866684745e-03,1.294486045139283184e-02,5.387980708070803926e-03,7.907404308517676506e-03,9.521418156224949886e-03,1.567939554386826775e-03,-2.447931128380947778e-03,-3.480041012584982225e-03,-3.505000203532473730e-03,-5.400943775836294794e-04,1.152234594585585525e-02,1.164433931204706014e-02,-6.611367400318713013e-03,-5.604391420652891443e-04,1.497049522439576966e-02,7.401850166856448112e-04,-4.112723756220411906e-04,-3.417224648912729063e-03,-3.491767265548208210e-03,-6.380166340675101459e-03,6.550395632729215248e-04,3.828334946795952046e-03,7.634234304013516777e-03,9.087976365621227084e-03,1.148359242251561531e-02,4.187325568395303468e-03,2.705718714368704828e-02
1.078444683785457180e-02,2.390634634790776356e-02,-1.051884222364340375e-03,-1.394707955755625228e-02,-9.119718742367138864e-03,-5.586107676726292069e-03,7.191397524217994774e-02,3.077555666299862380e-02,3.076321282395775084e-03,4.491573665955438110e-02,4.210129155279127185e-03,-3.980455827781891249e-04,-1.003979047515177192e-02,-2.471491746780451852e-03,-3.527492185602735565e-03,-2.529019757001627912e-04,-1.785733390656607609e-03,-1.564357222827883096e-04,2.376738565440692300e-03,2.055299882809267023e-02,2.680036729740638973e-02,4.118774973554323315e-02,3.474624289658623244e-02,2.019540800569636849e-02,3.761012687042069279e-03,-2.316035947602907309e-03,-8.905737506412093191e-03,1.361996376181175486e-03,3.749689787872056979e-02,3.091706912983473513e-02,7.047250080123591267e-04,-8.813159452083892337e-04,-1.475452222266244182e-03,-2.286152071011826950e-02,-4.398628730123944203e-02,-3.011663557583843520e-02,1.043886836358873786e-04,3.648956104013612701e-07,-6.155509100873853522e-03,9.567152601870413092e-04,-4.773992649389156503e-03,1.014862982498556499e-04,1.921241428861543031e-03,4.707089217681265612e-03,-3.474503087842691768e-03,-3.371886032166534781e-03,-1.795471944099883864e-03,2.361492509984185878e-05,1.107833325529624172e-02,8.480269731738068056e-03,-4.856578371529973737e-03,-5.106399671080482814e-04,1.094757964687126557e-02,2.776057443706751379e-02,5.517120351067958265e-04,-6.779460610294529388e-05,1.895999435086343247e-04,-1.267469786141413649e-04,-2.488093536535982125e-03,-7.496442810789269787e-03,-1.109463040481299288e-03,9.950973928626896084e-05,1.220059937101205909e-02,-1.399586930161180083e-02,1.078444683785457180e-02
-3.054178266344987833e-02,-2.316681341651521259e-02,-8.524756801126363859e-02,-4.606125271649305630e-02,-3.360850731536773467e-02,-3.164508840101680487e-02,1.140631452670526867e-02,-1.925731317283993840e-02,-5.341290329533056325e-02,6.273569658905470657e-03,-1.845390792965656210e-02,-7.800299781265590537e-03,-1.256930959523201892e-02,-2.359563954215205400e-03,-4.133317799364076301e-04,-1.718302506717629555e-03,-1.835230263077421804e-03,-2.794597515208544132e-04,3.830105103781099047e-03,3.403671340581674448e-02,3.368129746688323933e-02,1.410929586041576554e-02,5.657179705214438956e-03,4.493011227335724236e-04,-1.890757665229629916e-02,-2.576479668376328164e-02,-3.065144178725684801e-02,-2.724438192970547387e-02,2.160715910922951163e-02,1.038324841816515819e-02,-7.203364617297511145e-03,-2.196589747870974878e-03,3.115510348921056156e-04,-3.104911545273615972e-02,-4.863966118789144616e-02,-1.637725541700333493e-02,-4.603252749043791354e-04,-2.573000782407046903e-03,-1.106681497262792385e-02,9.003446345437406562e-04,-4.662604832981124929e-03,-5.101873975779048533e-03,-1.500960547174939007e-02,-8.119697668502210558e-03,-8.354773631040250670e-03,-8.764282724967112359e-03,-1.211897962982468047e-04,2.576988709906252815e-03,2.006002396136091076e-02,1.618472912654380508e-02,4.487220588200687907e-03,1.164938593772709731e-02,8.739145107978610674e-03,2.645645972255196779e-02,6.928187400368721613e-04,-4.694865396640856767e-03,-4.078844096213824676e-05,-2.824358727009223993e-03,-1.694827369390979272e-03,-3.062666672167096201e-03,5.335213164754116708e-03,1.206171743163309126e-03,8.976668293976617502e-03,-4.267947784254349369e-02,-3.054178266344987833e-02
2.204722252348138845e-02,2.345304771914110548e-02,-7.166133270210838825e-03,-2.738523623368247645e-02,-3.657394850293613914e-02,-2.632458161638286803e-02,1.669098931340335171e-02,-1.159975067300219632e-02,-1.877945070707271250e-02,1.812930695945405221e-02,-8.157841547546729188e-03,-1.157284764147799641e-02,-8.229119185459305916e-03,1.303168142387845603e-03,4.995607345356456973e-03,-3.329399436545317178e-04,-1.097518815493167023e-02,-7.646615464130845571e-03,1.660347216715515710e-03,4.362729958687442539e-02,1.524389061774342191e-02,7.609042075119300209e-04,-8.123312153752274304e-04,2.421529059396518475e-03,4.816660773901945518e-03,-6.877012660017580575e-03,-2.129817728393080221e-03,-6.862920004620890260e-03,8.136022146663741614e-03,1.631258560043858871e-02,-8.484078510439989687e-03,1.728687379979132271e-04,1.333087985404238403e-02,-5.114038482743741253e-03,-9.140849602581366251e-03,-7.140111669772975672e-05,4.394779960670616432e-04,-2.094138307177618140e-03,-5.838858824541069692e-03,-2.126408843356914781e-04,-6.225957112868779056e-04,-2.034409909625275320e-03,-6.279000588184252031e-04,-5.352694986552076865e-03,-4.398425155788796004e-03,-1.487690198156376223e-02,-2.306838629557984594e-03,4.325040330774502020e-03,3.096759060150195558e-02,3.854608612874364792e-02,2.511376819440176364e-02,2.981816233239778860e-02,2.062036293759290234e-02,1.213627594847439470e-02,2.120587520069438202e-03,-5.878565732591754280e-03,-1.675120649241243660e-03,-9.561642101151745154e-05,5.566775157011972369e-03,3.236170269059470903e-03,1.322814281906773380e-02,1.174279059116323763e-02,1.326867663073068304e-02,7.649252839940991373e-04,2.204722252348138845e-02
-1.257000213879838624e-02,3.053371630582276102e-03,-2.420687605621047161e-03,-9.509630140202590676e-03,-3.973998544848950966e-03,4.124672149413389013e-03,3.354730287028097335e-02,2.109590674611607278e-02,6.053932185172612203e-03,2.351289050847884393e-02,4.970537767491848419e-04,-3.128086644578835594e-03,1.220215861137646622e-03,5.727390029229157895e-03,1.033001815585421826e-02,8.041103706656872740e-03,-2.538869979179734278e-03,5.837942854302105014e-04,-7.073172162749859345e-04,6.586229695380867166e-02,1.171115208853776291e-02,3.145227827054448587e-04,-3.448058876657110125e-03,1.434722934073299214e-03,1.252916885751674287e-04,-1.622168536942839717e-02,-1.828401843865415724e-02,-6.780753783962659154e-03,2.104560983654473263e-02,4.336686887470298651e-02,4.845577871475793656e-03,1.258547844790673838e-02,6.312984270467668357e-02,8.886038538998568617e-03,1.625104314545134515e-02,2.225823447959757867e-02,9.852798380858677346e-03,2.415308234161060784e-04,-4.159269326688985920e-03,-1.394830884053187628e-02,-1.120928657388601916e-02,-2.361775750283822903e-02,-8.727354792829492697e-03,-4.419537394236775353e-04,1.505531694019210864e-03,-5.985282611967185015e-03,-8.387263885318369666e-03,-1.223745372256156150e-02,-2.220157084479237788e-03,-5.332241081052240157e-03,-8.390173572708312533e-04,2.828646418385243749e-03,3.132647540703843800e-03,8.220351057124937466e-03,-2.540267144954400503e-04,-1.196764320039623263e-02,-6.578045444534075595e-03,-1.631128569169330855e-02,-2.888137465656195196e-02,-2.128170796681809820e-02,-7.957161269722911462e-03,-1.315912233194795966e-03,-2.076181490396097722e-03,-1.770453870137268793e-02,-1.257000213879838624e-02
-6.946927365099675455e-02,-1.959210373321525200e-02,-7.965836466243759323e-03,-1.690793823279213362e-02,1.638340054609439432e-03,1.227720453488836960e-02,3.596990587932429734e-02,2.713335157968319380e-02,3.247452349076213746e-02,4.558443575046531443e-02,8.043159912668688266e-03,-1.002901858512619641e-02,-7.279083712806959502e-04,3.471999065591430209e-03,1.085843900824281887e-02,2.542940082796919538e-03,-1.606382888302365988e-02,-4.200543065055368369e-03,-1.256595429497189657e-02,1.697482041143353118e-02,-6.198963396878131313e-04,-1.279830172376774690e-02,-3.050783892276077991e-02,-2.295177343583456805e-02,-9.816304076773266218e-03,-2.887256905014895861e-02,-4.140587974173046831e-02,-2.706009400745235452e-02,4.193149751507585510e-03,1.757550094918261877e-02,7.103970940499347055e-03,-1.401922666372946297e-02,7.437862058815889604e-03,-1.226327366696813165e-02,-1.735517830802368183e-02,-7.337007781575036018e-03,1.035402393332586317e-02,8.215317286908097733e-03,1.699402938365043164e-02,1.808203314635412062e-02,1.602855468002143194e-02,5.404033030062768174e-04,-6.972688858882112456e-03,-8.697617464282969210e-03,-1.032971608683654063e-02,-8.923938001007240481e-03,-2.734696922624717599e-02,-2.424033160575266715e-02,-5.366903422511341143e-03,-1.260233888570651099e-02,-5.091788624626543067e-03,4.207826234515489074e-03,-3.800068913064350018e-02,-2.731202446250150656e-02,-3.285001295661761633e-03,-1.273862146500500704e-02,-1.951908678889948540e-02,-2.960280101179759218e-02,-2.876978214382332893e-02,-4.446333070039228813e-02,-6.745895069499510677e-02,-6.789374566044469039e-02,-5.605423393304544144e-02,-8.551379388536377302e-02,-6.946927365099675455e-02
# New slice
4.610643855678694231e-04,8.262615644519704164e-03,-5.613783217332683761e-03,-1.323551100609444801e-02,-2.525836098558417340e-04,-3.613348353829932101e-03,2.763676772096639034e-02,1.194228446121765701e-02,2.120881840626664874e-03,3.098644918914444935e-02,3.149251913124482410e-02,1.229930699885063358e-02,-5.532064291767703479e-03,-3.884162930368043488e-03,-1.032000117007549067e-02,-4.486342974367007043e-04,-5.320947460429902888e-03,-6.819653984974632412e-03,5.987077948190995058e-04,1.324473337961317061e-02,-7.525990540144307950e-04,-2.417701142615840543e-03,-1.234095046664472790e-02,8.027478016207241496e-03,2.902076145300357818e-02,-5.031876048774051868e-03,-4.823923356014968994e-02,-4.593978165904492872e-02,-2.258330954799554757e-03,1.144892521663980547e-02,3.347573655030845058e-02,7.391826269001343375e-02,1.634253807303607531e-01,2.196649140521923435e-02,-5.423295046859510221e-02,-9.429545449099874244e-02,-4.771929790289111684e-02,-2.205696728696733555e-02,-2.352137111612963988e-02,-1.697430437321251553e-02,-1.038254950644445194e-02,-8.839283600155272346e-04,1.193693350361523312e-02,1.804468456369078336e-02,1.465562006733237346e-02,2.857528210217407175e-02,1.035045835508429692e-02,-3.790963993678315904e-03,3.836015904490065222e-03,1.889859543022375313e-02,4.771576426709582541e-02,-2.426659154735416168e-03,-5.621173529138887709e-02,2.392128066675583333e-03,-6.240074291702101678e-03,-1.684796864126563570e-02,4.715906326797152451e-03,1.752203621471300936e-04,-9.200417157486019681e-03,1.088631317139071748e-02,5.450039596500070964e-03,-1.723708590857540857e-02,-2.707070096973288736e-02,-3.369803526758966689e-02,4.610643855678694231e-04
1.005709147299337037e-03,1.626258130297125737e-02,8.994444995727381501e-03,1.646561714659100072e-03,2.509319692496704817e-03,2.725906835749106888e-02,6.090680065882809850e-03,-1.132517866404768314e-02,6.342987066757244281e-03,3.262534129448606268e-02,7.078981470266022119e-03,6.949035250544377020e-03,-5.410958756671167130e-03,-1.321868756625383702e-02,-9.383973678245500008e-03,-6.356410678775867816e-03,-1.581986845988499202e-02,-7.730358915551218714e-03,-2.168309738682402607e-02,-1.307054774438344211e-02,2.596701043771714595e-02,2.661145731479604929e-03,7.739967486411403717e-03,5.648071827148636211e-03,1.109169723074040180e-02,1.946457433959145923e-03,-1.983675080899928098e-02,-4.545146926152966727e-02,4.122965741728900442e-04,6.896115992981736303e-03,2.309683715553950689e-02,1.237995784286832247e-02,1.934716091697961590e-02,1.650080544375727432e-02,-1.818854728908305893e-02,-3.735374651966921061e-02,-4.023292507018368797e-02,-1.553690158788809811e-02,-4.958781282524427243e-03,-1.805919243597090213e-03,-9.212071607083096095e-03,-4.533862263123111455e-03,-1.820103191705092988e-03,9.312129700704822877e-03,1.732235562728751468e-02,1.297523200603437586e-02,1.131499466996281102e-02,-9.750061060764828036e-03,-2.362117731319435081e-03,-1.850016805781223763e-03,-1.580932987975830137e-02,9.752380399508590869e-03,-1.142927096788557730e-02,5.120728485875778585e-03,2.524237878989660233e-02,-1.110827582298867106e-02,-1.521946663056488597e-02,3.377127047642914954e-03,1.534670063977315330e-03,-1.220650141739650779e-02,-1.693926147126293899e-02,-1.117733679856971855e-02,-1.566736934936989152e-03,2.432972348525637863e-03,1.005709147299337037e-03
2.824325996378166097e-03,1.733171926749286357e-02,2.637631956139916203e-02,1.151297458571462658e-02,1.116504241445647437e-02,6.612670758923766025e-03,-1.270990845641595431e-02,8.534988432637493835e-03,-5.420164270436809116e-03,1.226260260658776314e-03,1.597181939756268931e-02,-1.908683945943463311e-03,-5.479290676346033374e-03,-5.595872254426856318e-03,-1.492909724755844825e-02,-1.683838568928391162e-03,-3.502961095854563184e-04,-1.389215650350132149e-02,-2.176141816493802617e-02,-1.451967820845993969e-02,-2.416490493493815127e-03,3.605555803634306108e-03,1.471396707057162460e-02,5.170550422697072109e-03,3.661807463175715226e-03,4.817134786250749988e-04,-5.211035984284382878e-04,-1.236982717518443804e-02,-2.682730031032787808e-04,9.097864071708441913e-03,4.148365326149484368e-03,7.613212619154016095e-04,-1.535541865124641706e-02,-9.010884880701477279e-03,-1.748801914329653354e-03,-7.867358680494514547e-03,-4.045067201834290881e-03,-3.796073419141155446e-03,-2.500762327756957549e-03,6.242425227617599479e-03,-2.563501409689616798e-04,7.583740490192254465e-04,1.555812639739648359e-03,-1.500745127197648408e-03,6.346180701314966264e-04,3.738572787427695433e-03,9.761849821235828867e-03,1.891217473475980803e-03,-2.412936793057023424e-02,-2.896806724516848286e-02,-2.702708040759899816e-02,-7.277730811922201830e-04,8.014738150570133168e-02,6.060361997369017456e-03,1.958288320152997298e-03,1.024003324457695673e-02,-7.331761084813422785e-03,-2.967560573645364012e-03,3.412928306153254192e-03,5.835321368017026490e-06,-8.208218806382738125e-03,-2.467574655647126591e-03,4.528572149193354525e-03,-2.565359577338536048e-03,2.824325996378166097e-03
2.576874195722143532e-02,-1.050146935150306432e-03,-9.441943712329138550e-05,2.200016589325078705e-03,2.804506409840714157e-02,-1.889276167922105754e-03,3.919882291017738087e-03,7.280967269309316335e-03,-1.586162379946751697e-03,-2.684120031549082352e-02,-5.133770653917753453e-03,7.342807648822381045e-03,-1.178075944235528524e-03,-9.935170301900581036e-04,6.059866332957046905e-05,-2.260241013450704599e-03,-8.583186243440156515e-03,-5.834969993381006539e-03,-9.842500697199912940e-03,-1.831277697884263825e-02,-1.169020711300526941e-03,1.021969997672229728e-02,1.140929064551151305e-02,3.511517351442504462e-04,-2.969890165134481813e-02,-5.660376766081881257e-04,2.592898167293083284e-02,1.977728119104023297e-02,-5.676637474226089823e-03,9.414482625077210754e-04,4.872391187446096735e-04,-2.620776238461417287e-04,-9.212612469197153584e-03,-1.511858879456697349e-02,1.359751899381610174e-03,-5.994224021035846062e-03,-3.000837289575455317e-03,4.335915728959814468e-03,-1.801732789593799098e-03,-3.726169889034292460e-03,9.705260491426864755e-03,4.372324179825378895e-03,-3.614331634592459885e-03,-3.065856019211132735e-03,-1.063234805464732292e-02,-2.502973809462349645e-05,8.545253213845658462e-04,1.816763987523293492e-03,-6.007025176611374868e-03,-2.195763965323077258e-02,-2.658592383255489397e-02,-7.174267120804335299e-04,9.159769838399865055e-03,2.220695007249048891e-02,5.668498226227891351e-04,1.767027938027641029e-03,8.214673304395811101e-03,1.344839128618783609e-02,1.298474706787123602e-02,1.606710948792054814e-03,-1.199469171731062142e-04,1.235518477368869597e-03,-1.528445782233026854e-03,7.395170892512120155e-03,2.576874195722143532e-02
-9.643213354570005823e-04,-7.709171861468220449e-03,2.544868594874492591e-03,1.774566730924746066e-03,-1.023161575408618705e-02,8.360909599513179254e-04,-5.826306747756033371e-04,-8.713937143271961727e-03,6.418085631990320776e-03,2.308241732066498939e-03,-8.817932410531831300e-03,-1.105563387734283601e-02,-6.029610431324307351e-03,2.369773743634485084e-03,6.419799559114444968e-04,7.614129980496777382e-03,-4.541972315196178209e-03,-9.232859052451463473e-04,-1.151284227785566265e-03,-4.693714647300140444e-03,7.880622156143032853e-03,2.021980474180199577e-02,2.719295991622468212e-03,-2.587034947364741724e-02,-9.190100153143393458e-02,-7.185715356915877566e-04,8.534004130442464364e-02,1.270034635359734362e-02,2.204892398767390165e-03,5.818215515172736347e-04,5.244382377016842999e-04,-2.761567805581992968e-03,-1.348489226987998300e-02,-2.772319927653651029e-03,2.882220902296092450e-03,3.861710510909987897e-03,-4.827122302367437175e-03,-3.896574663301224147e-03,-2.170112877157653289e-04,-3.844282440407313563e-03,4.828589453421699811e-03,1.681616590679532123e-04,-1.464046523875861842e-03,-1.862952755694445139e-03,-1.320909960335757069e-02,-3.586527938858652658e-03,1.854864862172525336e-03,-9.032980759034563850e-03,-1.214903340013827153e-02,-3.154680993784523407e-02,-4.708774801140856031e-02,-4.985927780317277180e-03,3.106353437654135047e-02,1.638769259837787387e-02,4.013260047130162017e-03,1.337383549037643102e-02,-2.039458780154788172e-04,3.304211437838856791e-02,4.720211877861704708e-02,6.955846549149182628e-03,-1.981237368568565266e-03,5.974252039484633219e-04,2.439644368531264026e-02,1.485636553277267825e-02,-9.643213354570005823e-04
-2.042267159553072531e-02,-1.737128581163385754e-02,-1.440462657210999503e-02,-9.993051972175223327e-03,-3.140617162818966357e-02,-4.053468263406864204e-03,-1.202680087313127456e-03,2.879638390573652749e-03,6.318883021859600900e-03,1.945954825852089232e-02,3.439847673846572508e-03,-5.813364744439263390e-03,-1.674756757396609133e-02,-4.575006369930315064e-03,1.188114995957588200e-03,1.143299504077790107e-03,4.064697549014320045e-03,1.461133454597136070e-03,1.252110380219166607e-04,8.203496393631399619e-04,1.738273375055561162e-02,1.107808377802205549e-02,-4.734279364147550746e-03,-2.034400448970222208e-02,-3.436891315522120662e-03,2.802962026594419363e-04,5.606226423209526195e-03,1.499916941723512549e-04,7.006129658296958440e-03,1.371607485843400181e-04,5.853640545452550546e-03,-6.059214679510523636e-03,-5.203283452341074923e-04,-5.479234382488174307e-03,-8.586702405340376374e-04,6.524164980681722292e-03,2.228785181790272994e-03,-9.752453119660773814e-03,-1.396234550939435409e-02,-5.518380535749697023e-03,-2.060415442358228943e-03,9.855136120757311720e-04,-5.172591381990270399e-04,1.076554603925944376e-03,1.638334407967748747e-03,2.966775574361086090e-03,-1.160217607855429378e-02,-1.869418577401233891e-02,-8.427942195589354507e-03,-1.232689749476822104e-02,-7.752851474205723140e-03,-3.636515145922934733e-02,-1.995949390513585345e-02,8.794820661272495163e-03,2.980250068184580464e-02,2.811822281927545478e-02,6.092196007828852566e-02,5.705774044592869243e-02,-1.691219652396697484e-02,-1.810240483618831900e-03,-1.992031071174993426e-03,-3.602207918022139275e-03,3.104154980176380627e-02,1.837868867165663028e-02,-2.042267159553072531e-02
-2.075732747944632195e-02,-2.556551457790206053e-02,-2.979882973145627986e-02,-3.330234046715922769e-02,-2.382939283888080642e-02,5.049332147162482846e-03,2.145144261342425696e-02,3.995734354001366333e-03,2.440790938622514408e-02,1.467977861681345024e-02,3.752485272872003487e-03,-5.491460507543975689e-03,-8.151670013016665620e-03,-6.395391289803683925e-03,-2.857940362418440097e-03,-2.016020902338877541e-03,1.450611959736511705e-03,3.098753760447353969e-02,3.060415495709730999e-03,1.354378518996522673e-03,1.537609492407505246e-02,1.568649082608214625e-03,-1.613628966599658585e-03,1.912568172847752511e-03,1.982358943918683530e-02,3.437118702742751435e-03,-3.868081716094811523e-02,-1.076244040944121213e-03,-4.780680861953409515e-03,5.374662812874657011e-03,5.190776125927942580e-04,6.148245196571698254e-03,7.784885565052031275e-03,3.631846935175969421e-03,-6.801129115186298375e-03,-9.958759107735044164e-03,-2.513088126455405953e-04,-2.321678834419381877e-03,-1.672591538783888693e-02,-1.936872515794621150e-02,-2.090251363713957391e-03,9.679298728936197235e-03,6.112927983884523971e-03,1.244074181494365071e-04,2.372323740343237550e-02,-2.940302229026895212e-03,-1.858682484468745719e-02,6.896488964106566380e-03,-8.725588423556160031e-03,-1.939493963474722693e-02,-7.469945874001673522e-03,-1.208833866894317224e-02,-1.426927716334552322e-02,2.721983670821836857e-04,2.403221479433172159e-02,1.192611822999654902e-01,1.150773597315531832e-01,-2.829523511837746599e-02,-5.371021046958366491e-02,-2.348789315750711426e-02,-3.857988620334128378e-03,3.111365791340323442e-02,1.469817924357792738e-02,3.866810045793838812e-03,-2.075732747944632195e-02
8.796579962382623796e-03,2.042679556212416772e-03,7.055630290544120139e-05,-2.554041769049487584e-02,-2.080499016330916023e-02,-1.882243230275940267e-03,3.572589970699235201e-02,7.908628650562967224e-03,7.033732732747016714e-03,3.221749262846056172e-02,1.771312539478879858e-02,-2.305586954838152389e-02,-1.670562326882702939e-02,5.013231562342529901e-04,-1.921761206563917575e-03,-1.677328765977789292e-04,-4.182360229091209962e-03,-8.229041369828796366e-04,2.170243084180849963e-02,2.496647769680872264e-02,1.302473667900397140e-02,3.163605673025818299e-02,-9.012870251356002935e-03,-3.086204400584278799e-03,7.182993702309869695e-04,-1.104168713399355552e-02,-6.456321787060419551e-03,2.367910906298769519e-03,-8.830132133427056815e-03,-2.403499763319570225e-03,1.466423362031939919e-03,1.652491898074839177e-02,1.841589088410219149e-02,4.810444536125412819e-03,-1.470683186011258192e-02,-1.516265009211520583e-02,-1.818929892746371305e-02,-2.294619023094859270e-03,-6.600093032788888377e-03,-1.093054632563203628e-02,2.842571231387890085e-03,3.497105379944440845e-02,7.863484167501103711e-03,9.579595644186311709e-04,-1.937463079750254848e-04,-2.326289208288405668e-03,3.442589290188079187e-02,8.601046753638038472e-03,-2.792072659998658460e-02,-3.378511215410727464e-02,-1.787500752858385555e-02,-1.346460309227025427e-02,-5.780134314460347658e-03,9.421860595922145615e-03,7.643126316201465098e-02,2.520405516749150629e-02,-4.458785207392063424e-03,-5.051666043671932185e-03,-3.195496970050526464e-02,-3.171522441890436278e-02,2.647865863712105749e-04,-6.696342868961853954e-03,-7.726451389006135963e-03,-1.315922657594648841e-03,8.796579962382623796e-03
2.094217546597818697e-02,1.801231237469303609e-02,2.566519719431069584e-03,-1.183231963326646444e-02,-1.350246414047665336e-02,-1.929385422463323263e-03,7.865547414628827009e-04,1.388533403461790494e-02,8.860666116028670727e-03,8.865955901739037623e-03,9.541350039761099452e-03,-5.442355923764449765e-03,7.472503275173478753e-03,-4.284341316886074451e-04,-5.304754803452501645e-03,-1.282713648841924715e-02,-2.782114579758102231e-03,1.808341235533835693e-03,2.308680864023827765e-03,8.203130582494725515e-03,2.166484513823654229e-02,4.141675735588368906e-02,-3.847123572500063451e-03,-1.207648192248957780e-02,-1.472837151309787027e-03,-8.136380904660636681e-03,-2.643892447955546472e-03,3.643017758408222638e-03,-4.060462561064149601e-04,-1.270326806328000990e-02,6.208405683435867101e-04,4.109339413533034252e-03,2.917204196783389214e-02,8.043417207197249563e-03,-1.258445732958560735e-02,-1.202108846630747796e-02,-6.555001196496430642e-03,-7.004345911938885446e-04,-6.641451820331921137e-04,-2.553808350011261587e-03,1.584497552049932926e-03,2.534558217699183890e-03,1.967885795969603197e-02,1.140790741436506842e-03,-2.575280471797767191e-03,2.645722737539923236e-02,5.541007847948825442e-03,1.157417057319420906e-02,-1.442305185905380302e-02,-3.165240525342043199e-02,-8.715004423992782009e-03,1.447223104550764182e-03,7.981981406191716519e-03,4.675324326049408626e-03,-2.040911227253242553e-03,-1.882875179608556543e-03,5.248413270679238088e-04,-1.118138553294126952e-02,-3.701824026303735665e-02,-5.717210003453634254e-02,-9.989287131325850708e-03,1.898564927743240241e-04,-3.342459482800839120e-03,5.431009537766475978e-03,2.094217546597818697e-02
1.621462207171911127e-02,1.461835387296550604e-02,-8.132608878333226834e-03,1.258255658774568757e-03,-6.775817138252670548e-03,-1.462231885429600420e-02,-4.000037894252486854e-03,7.186949758268768723e-03,8.460587082593803640e-03,-4.069120563696039354e-03,-1.076979405859126299e-03,2.427553166658469666e-02,1.457175257307473208e-02,-5.531565258456254235e-03,1.095249797911613886e-04,-1.979736725146098025e-02,-2.626040269017649795e-02,1.353172475845042548e-04,2.412060933826128128e-03,4.504708317319229549e-03,-2.827239596982600669e-04,-6.429812651524069098e-03,3.288810222378811543e-02,1.275990240075488592e-02,1.825838913504129529e-03,-3.382404629423176219e-03,-3.970495411344462933e-03,-1.472205983257886220e-03,4.353018390032801252e-04,-1.096141384023071805e-02,-2.095683007035134288e-03,-1.599488266574738016e-03,-1.687816674068190340e-03,3.507222705481672156e-03,5.767305109584148527e-03,6.495689877054686492e-03,5.266508982872180819e-03,-5.410739203788141657e-04,1.370849915690818335e-02,1.148651084755741673e-02,-5.311920043318655443e-03,-1.774829495395542633e-02,1.125459594559404409e-03,5.725893271845507632e-05,7.351473959363682975e-03,-4.718712264494684524e-04,-4.556067020596593457e-03,1.980760136824294762e-02,-1.779902245857869006e-02,-1.521946162080195161e-02,2.051903310377255901e-03,2.654339611383514305e-02,4.180558515283826909e-02,-2.064408780969378965e-02,-1.474406158481647577e-02,-4.648298882680149059e-04,-1.315592744706231207e-02,-7.788966431205676666e-03,-2.119543144167865267e-02,-8.162746239745125032e-03,-3.220765003470913660e-03,1.167165436117330833e-02,8.761024003679917117e-04,1.114539305066138478e-03,1.621462207171911127e-02
9.132538619031040561e-04,2.996203687329277582e-02,-9.808259053808420988e-03,-1.633989160905158569e-02,4.442457107972818536e-03,-2.448673476287925241e-02,-4.099613949235894964e-03,2.021276442288138728e-02,2.811319927444873995e-03,-1.492806757449625411e-02,-6.243700511321974810e-03,2.819406117772457060e-02,1.619401377793398475e-02,3.497132803222456014e-03,5.392126120093903262e-03,1.787900842828115539e-02,2.071784690603374092e-03,-5.600031700432973880e-02,-1.815525423717090706e-02,-8.324474577870357578e-03,-1.755184269617893200e-02,-2.082886959992873155e-02,2.913466189926115432e-02,3.369451440388957636e-02,7.334911367523688080e-03,1.162995491148881982e-02,-8.051916484391736031e-03,-1.933648170521483356e-02,-6.200380674884057892e-05,-9.297627654074369684e-04,-1.594732156391953301e-02,-1.731561693001191712e-02,-3.019712401992104625e-02,6.209271765278905932e-03,3.744205386390869750e-02,2.576338194867234394e-02,1.719225708505343550e-02,1.084948051315178744e-03,9.379741218265656016e-03,3.530531848391177396e-02,-4.482302233305995691e-03,-2.562902814552596442e-02,-1.361525176205394781e-02,3.395271913827639697e-04,-3.681142846632859508e-04,-1.591725801481980174e-02,-2.220616520157131860e-02,-7.940968842436066377e-02,1.649479121798831573e-03,5.537106681786408552e-02,5.461969317295547327e-02,2.481493062022276791e-02,-6.116698377017586695e-03,1.077532888211550285e-02,-5.452176463160568476e-03,6.961404004197520290e-05,-7.854011741316177866e-03,-2.934182447378113831e-02,5.400840971961358254e-03,3.842460623541576331e-02,1.788931584498811445e-03,-1.956584818805147050e-02,-7.994971715920328251e-03,-2.760096492375604341e-04,9.132538619031040561e-04
3.248117801213996209e-03,-1.692327400071749364e-03,-3.728475581690816366e-03,-2.713949026334810857e-03,1.163045256520870915e-02,5.904002801737289613e-03,-3.796469266926498932e-03,5.524481442573586643e-03,-6.061385839314228224e-03,-4.382523105641619732e-03,4.186058976274232451e-04,2.289276278417254340e-02,1.535949343937659424e-02,1.478132553576776143e-02,1.294901626052923256e-02,4.696271251029941751e-03,5.123837668500932571e-03,-1.991477385478291479e-02,-4.062378308692553286e-02,-2.157811290257930989e-02,-3.319386282383837792e-03,-3.761873718025416681e-03,2.849400290090105779e-03,2.048443183215648694e-02,4.023077113251940368e-02,1.996425798814694536e-03,-3.595474240522240992e-03,-1.480630682231305097e-02,-9.452498707322695357e-03,-1.985128865134751501e-04,-2.021715109327505352e-02,-2.534533394933391817e-02,-8.533164229962700992e-03,-1.539070066480729363e-03,1.609704600551654929e-02,6.023530034929718002e-02,1.631121349799695766e-02,1.389963125639006800e-02,1.952621101960271693e-03,-6.528467503216653714e-04,-1.459254712143905801e-03,-7.947921354278420988e-03,-5.333710092940937252e-03,2.966172282980672958e-04,-4.461322553582283516e-03,-2.281510553815380149e-02,-8.446803754964996025e-02,-1.320669959226659917e-01,-2.201489184420027476e-03,1.351596970917562923e-01,9.646411467348769975e-02,2.683033732330735929e-02,-2.333483451379790661e-03,-1.308268529817648192e-02,2.383196311364303016e-04,-1.442172668165576759e-02,-1.078461743785534728e-02,6.424783938664403032e-03,2.577234399890013586e-02,1.832446817327814878e-02,8.718409759744064416e-03,-8.908789925326855361e-03,-1.210814530760576622e-02,-4.571034100985162801e-03,3.248117801213996209e-03
-1.893798621978069405e-02,-6.579071403339989410e-02,-2.165566963137385663e-04,1.363505661541584459e-02,1.586805298564781738e-02,1.976972148555184230e-02,3.873160378959733443e-03,-1.805115736929529743e-02,-7.401855156626961987e-03,4.080239492488138206e-03,1.383048713298707516e-02,2.372680542191159259e-02,3.262742710008200570e-02,2.716358254393619678e-02,1.519990132866268044e-03,3.448265935572350955e-05,-2.230540871096130251e-02,-2.792004205194711583e-02,-2.216338704695962683e-02,-1.346312400736288627e-02,-6.366863246505832623e-03,4.749075684734475672e-04,1.358719564382249688e-02,1.077212449331467828e-02,9.141844045663396340e-03,2.180457908905296307e-03,2.111203796474703763e-03,1.216941053995415373e-03,-2.833046151075513039e-02,-2.643476579119381081e-02,-2.442183774236014390e-02,-1.887957391890178124e-02,-5.427203759207167855e-03,4.406973065060740442e-03,3.535621885902208439e-02,4.083472636144199613e-02,3.746640962204750291e-02,7.943605708366762233e-03,1.288586260159353680e-03,-4.885362180473393039e-03,-1.468562577520307784e-02,-5.170102333592805494e-03,5.141913106682445556e-03,1.445475134132541114e-03,-2.098398844184573911e-02,-2.918285671912447185e-02,-4.880462412175029518e-02,-7.657488357223496411e-02,1.215485548698662030e-02,9.105555909833050465e-02,4.159463222300849305e-02,2.234450638419135503e-03,-9.662725173135252492e-04,-2.646315272914304129e-02,-4.625216645622744205e-02,-4.754617496025824452e-02,7.613567393507155584e-04,8.374224614987010873e-02,6.404274153666340841e-02,1.731605255913251651e-02,2.217792871237114901e-04,-2.483837667717316792e-03,-5.791820576903956722e-04,-4.589966022843582722e-04,-1.893798621978069405e-02
-3.026859692193724014e-02,-3.282827611919138938e-02,-3.206939991373368611e-03,1.260124946769365650e-02,4.574475337636879657e-04,-2.090589549351584307e-04,1.556806644418684202e-03,-6.844092255762492319e-03,-2.454113755652073854e-03,2.314715072542890967e-02,8.082604862457563877e-03,1.742698836346036340e-02,3.434743923504992441e-02,2.513266938713562201e-02,-5.822134985461299879e-03,-1.339606420948087628e-02,-1.158905460535028346e-02,-7.967903729668315491e-03,-2.344595320291568280e-02,1.493971048204899028e-03,-6.419171382148151223e-04,4.783126404133346971e-03,1.249379091523405289e-02,7.493604694865051846e-03,1.482115763450816623e-02,-6.287873470302460200e-04,-6.656498288858069250e-04,-7.257163335550441017e-04,-8.782599188780194910e-03,-1.148308103747124748e-02,-1.539385795082403446e-02,-1.357837128974161145e-02,-1.399958486914435266e-02,4.972477251659309435e-05,7.611674883678402719e-03,3.708617842428375833e-02,1.243802317497027660e-01,9.246143919658621896e-03,-2.853656801673011383e-03,-1.302972149029535138e-03,1.519383370378690409e-03,-2.910153510381724255e-03,-8.118679469626543122e-04,-3.996328460135066714e-03,-1.015392428039262919e-02,1.861186149411903556e-03,1.797115732827520712e-02,4.847083274732961328e-02,9.277411813794350648e-03,-3.021713286895360076e-02,-3.288779219850110347e-02,-1.040833363026908050e-02,-2.156638587845332959e-03,-4.370853974006165717e-03,-1.814370862222048492e-02,-2.040068078959302728e-02,7.522331420672181274e-03,5.482730131982983465e-03,2.422204685649676295e-02,1.296269499902407557e-02,5.511502693033385608e-03,2.198452326974066357e-03,-9.140884722227572289e-05,-1.079786478165228533e-02,-3.026859692193724014e-02
-3.146201351525137330e-02,-1.944194492352612283e-02,2.899136549866492690e-03,3.092191641302932952e-04,-4.277653624066415049e-03,-1.708176955262895313e-03,1.554364176158779079e-05,-3.531467675140426577e-03,5.878291718109070370e-03,3.692353900454127275e-03,4.799268683995346237e-03,1.255627035261248740e-02,-1.689404196739365720e-03,1.681122448893335175e-02,-7.053411600900031655e-04,-6.745261858404160912e-03,-4.522071506439699975e-04,-6.237417629335044456e-03,-1.238125365633913934e-02,-1.079063002252049659e-02,1.501230588996907249e-02,7.457902431486983057e-04,1.444082917753656018e-03,1.524655864495960862e-02,6.271866377540362761e-03,-2.268246199634029706e-04,-4.415160728126172641e-03,-2.628969336845137384e-03,-2.014159301481948956e-03,-1.466107270003043535e-02,-5.731135746076829705e-03,-1.983568273525958617e-03,-8.539801340136750005e-04,-7.992617528541842709e-03,-2.567149342085989216e-03,5.430302932004326712e-03,9.480403739188206225e-02,6.478208828054868307e-02,-1.106917792099706586e-03,-5.953983510576937865e-04,6.348088713271519100e-03,4.419240598700883635e-03,-1.735323801533066382e-02,-5.842825317995454029e-03,4.918822717436907186e-04,1.172689603415479672e-03,3.985879621845488628e-03,4.918179386860529675e-03,7.519261547962205298e-03,-2.651970124570594139e-02,-2.444123298135755795e-02,-7.778032287820638678e-03,-2.107505511142923615e-02,-6.467535705197510580e-03,2.332641560746372177e-04,-3.610073214313874474e-03,-5.576054480861867245e-03,2.398739681271862267e-02,6.720488001745175341e-03,2.780351600389438516e-02,1.313782840297648274e-02,-2.133814645544379566e-05,-5.509238061578193568e-04,-2.838789698347739428e-03,-3.146201351525137330e-02
-6.774263038538076362e-03,-3.118390112413098759e-03,-3.027119990965351001e-03,-5.393954772295777959e-03,-4.941425240435352775e-04,1.133337187901998014e-02,1.372278318968061812e-03,-1.072981966030912490e-02,-1.948709979393102067e-03,2.589967473321997792e-03,3.874237447864019301e-03,-4.761467909717261721e-03,-2.577361114641636372e-05,-3.137822115046111707e-03,1.076192329890541914e-02,6.723700046540436424e-03,4.387678796452900917e-03,-8.882010046386149341e-03,-5.962716380065020971e-03,-1.874475344211232186e-02,-6.772884297706991720e-03,6.376008415577258219e-03,-1.742533721014006361e-04,7.857019468338286364e-03,-6.840213948290252248e-03,6.502943213438607678e-03,1.636929768136444890e-02,-3.683541775369680599e-03,-1.477588972017127109e-03,-1.187357655948648475e-03,-7.684949326478175170e-03,-2.317895424744423599e-03,-1.248423710397875532e-03,-3.029635130440416421e-03,-2.872823080544957357e-04,-1.007040219771401270e-02,-1.368937344879769466e-03,5.859827501516691461e-02,3.441858466626237373e-02,3.389996062559764989e-02,3.714235230474279004e-02,-8.978078877956388593e-03,-1.381227612023235192e-02,-4.415113028497300897e-03,-1.092466743877388777e-02,-1.141928906478979289e-04,-2.235732243083055949e-04,1.411438224509887563e-03,-5.248946435496990026e-03,8.366950560513561948e-04,4.512254798231566180e-03,-7.241215125499829777e-03,-4.658544129413699081e-03,-6.093609861486490482e-03,-1.824812880761662870e-02,-1.608836578984311114e-04,-5.163299172742755747e-04,3.628023444648360418e-03,8.144437600010852665e-03,6.578482523973358705e-03,1.671635196105922608e-02,-2.720853573565934079e-04,9.106305809303879423e-03,-2.769755378485882439e-03,-6.774263038538076362e-03
9.711173542994042118e-03,-2.121235712431617567e-03,-1.730063889768309053e-04,5.557394185772699530e-03,2.107407096462862728e-02,2.336160556549227163e-03,-2.516847458115950564e-02,-1.068112133152903861e-02,-1.367710465544924592e-02,3.237716257286438540e-03,-2.216279722822436706e-03,-7.877687291781820247e-04,-2.349134366661314818e-04,-2.841979228898246224e-02,8.616343419031296039e-03,9.216158050042482647e-03,1.243806085061995546e-02,-1.865358768567145810e-03,-1.097695697689783471e-02,-1.489046402434355924e-02,-2.926451554651400902e-02,-2.479382921364612496e-02,-2.328694691723384377e-03,-5.114899739387147003e-03,2.340790179459676431e-03,1.012777505738561221e-02,2.380219989213452556e-02,2.728667132011151561e-02,-5.565847405513616244e-03,-2.008900649894723028e-02,-2.281226950641774848e-03,-3.028617566237758012e-03,-1.654623630466009725e-03,-5.029641632525327748e-03,9.333295721794200930e-03,6.946151627733363572e-04,-4.473632763028152770e-02,-2.644466034213492547e-03,4.688691133755388402e-02,5.612932273772055364e-02,1.258328374175739055e-02,8.677050991800628124e-03,-3.205252155108516323e-03,-3.508736844325647738e-03,4.148167693963740119e-04,-2.940136523057511678e-04,1.623728655045564729e-03,2.072170160547030012e-03,5.422103789167232596e-03,8.960556158062200210e-03,2.529748428588851974e-03,2.755559918561254970e-02,-2.300102586768938695e-02,-3.316632148412029801e-02,-3.937756459890344451e-02,-3.058706136381561438e-03,4.270407695371689094e-04,2.878505206658159721e-03,8.213633190907281001e-03,4.815088806120535045e-04,4.590944035441279700e-03,1.839472307888165986e-02,7.360358093029590112e-03,-8.251864155345687082e-03,9.711173542994042118e-03
-1.299642307892404927e-04,4.953858580505315912e-03,4.778345655333207003e-04,3.566881006438189783e-02,2.543795228390430263e-02,-4.642337221939393799e-03,-8.875087490867157938e-03,-1.657993839941846251e-02,-2.284762404391060125e-02,-7.913282618696663995e-03,2.144793030988151886e-05,1.106986325602118525e-03,-4.195418236128944760e-03,-7.230955738197275724e-03,5.896424788017404738e-04,1.340681311512594671e-04,5.675838718616251898e-04,9.814069547630498158e-03,1.038061527438185853e-03,-4.070278508038480819e-02,-3.843612234627141050e-02,-2.049259126290954927e-02,-2.105015670304743666e-02,-1.065229813686995042e-02,-2.791668529843038663e-04,3.321676081583686130e-02,1.156805997338229870e-02,1.303267713350614136e-02,1.325653838643113926e-03,-1.384700175539932410e-02,4.551748258695817364e-04,-1.892764743824128498e-03,2.131551687155345187e-04,-6.007086243652879146e-04,-1.426236384666443335e-04,3.805056968154120912e-03,-1.452406609151206396e-02,-1.119929369185295245e-02,6.184537276618176649e-03,1.453207110203856220e-02,7.222995621411683895e-04,2.104510475207503617e-02,1.181186142485832376e-02,-7.371507100149265850e-03,-1.820798894626896426e-03,6.887774278700966755e-04,5.899021612739883957e-03,1.525582938764453653e-02,1.198147846771639539e-02,-1.274825786630167247e-04,2.396322517964967567e-03,-2.901660364182202800e-02,-6.205189238918192365e-03,4.595623762020702033e-04,9.082650701326322375e-04,3.926519830819758428e-04,4.831344066016569384e-04,-1.413693792330717597e-02,-1.672983906487260711e-02,4.673669935092617683e-05,6.104802509218595560e-03,4.141706890586020068e-02,5.012466346097246492e-03,1.979644745620549699e-03,-1.299642307892404927e-04
-1.752645729297485190e-03,4.051454792519154809e-03,2.041103707401449932e-02,4.573943592254622187e-02,7.661603640542060214e-05,-1.166060411080042762e-02,-1.987765097629948588e-02,-1.514697088877707196e-02,-5.770921889627472767e-02,-4.401491964756072445e-04,7.485853298365872585e-03,-4.250692155094086370e-03,-3.883638271990931534e-03,-3.197512765423273493e-04,7.670769848314859356e-03,-2.243571762510030137e-03,-1.100310624228121410e-03,1.823387117161271581e-02,3.702936231097693921e-03,-1.789211707693788914e-02,-7.618402553816300271e-02,-6.129057268061809984e-03,-9.333443983946499226e-03,-9.707227585902786270e-04,5.597195247977421705e-03,-6.407575312975051680e-03,6.986475460056457143e-03,-5.467963018986674376e-03,2.843478908086433284e-03,9.462928260739208661e-03,7.191995832168769295e-03,3.580608402831141914e-04,1.299962984610374779e-03,3.247602521126578129e-03,-1.851746196133950912e-03,-9.732069063444155621e-03,-9.552744763609281875e-03,2.091002346564357624e-04,1.842682632052034463e-04,3.762196041124325069e-04,4.620503643168140905e-03,2.842511642647355119e-02,1.001026944523483904e-02,-1.078743680226636366e-02,-7.727068760421298976e-03,2.342720886270744252e-04,1.431598055269330851e-02,1.603667824380724735e-02,1.392322016863303986e-02,5.762209279911103751e-03,-4.205852861010465210e-02,-3.052285712742157375e-02,2.929242715122519475e-05,4.772182599935059777e-03,3.113545873499994759e-02,6.999787927222801513e-03,8.170611455276102558e-04,-2.295286564534101265e-02,-1.509477718538597499e-03,-5.760056526083835509e-04,-8.240761972619307235e-04,1.678242903271258413e-02,2.363652503948247829e-02,7.636974609769173021e-03,-1.752645729297485190e-03
-1.761470847743202076e-02,1.644122312113270373e-03,1.958603460360033507e-02,1.607272641423982892e-02,3.262841071129573607e-05,-4.460032263865084355e-03,1.226607175130373420e-04,-8.850189458360537952e-04,-1.230025237722455261e-03,-3.456219110674589590e-02,-2.336126330114774233e-02,-4.354748840239435620e-03,-2.124050431641446701e-03,1.993448789970917823e-04,4.042345755828260362e-03,2.333536846734915026e-03,2.944858392056987312e-04,3.017917901120931948e-03,7.561414823092191435e-03,-4.045732869110427524e-03,-3.464105917126561462e-02,-1.787656088024881101e-02,-8.759941144036064581e-03,-3.232653394314931230e-03,2.060840147536244487e-03,1.431683890879112181e-04,6.618625099703725036e-04,-4.248352747571190226e-03,-4.109699824111261515e-03,3.905288652087542112e-02,5.138778454918572309e-04,-1.334902205262159924e-03,1.173939072091262185e-02,8.264838025342278668e-03,-1.316312423047860452e-03,-3.875051403951700058e-02,-2.018605813909296609e-02,-2.680851045352513132e-03,1.186256043566486992e-02,-9.283290451098094240e-04,-5.457486892877440494e-04,1.947039344269438929e-03,-1.548818679072712487e-04,-4.812941467185447714e-03,1.192682741497449409e-03,1.083198728160541385e-02,1.162382440262862797e-02,3.026032361411338731e-02,4.850763023127253881e-02,2.585693853760388360e-03,-3.419863057742639906e-02,-1.776525522659983675e-02,-4.166604888351200728e-03,2.907284084135498044e-04,9.823392727471324734e-03,6.569674317551255430e-03,1.650675706624896719e-03,9.138279961046026417e-04,3.541706821502510049e-03,-8.903563540465420437e-03,-6.883811371878516792e-03,9.760417170350166663e-03,3.775784504114354512e-02,1.765513095722197334e-02,-1.761470847743202076e-02
1.193124588529755753e-02,1.111046840974921901e-02,1.003237704643996676e-02,3.561404647049231254e-03,1.037842579783880212e-02,3.140840114949688261e-02,1.708995308465646734e-02,-8.079096806874987852e-03,9.225206498872955054e-05,-4.367712910402378468e-02,-5.623097269271769977e-02,-1.493178144139870912e-02,-3.572653680810984698e-03,-2.018956768599917788e-03,8.024074444105404758e-04,8.536406043561407808e-03,3.114804836909732802e-04,-2.668299036594893084e-04,4.061873164412703420e-04,1.329437651195036763e-02,1.777360637250612486e-03,-2.966189832614093275e-02,-5.191711084813856354e-03,-3.937261924357152512e-03,-9.400493857317350141e-03,1.244072783130099370e-02,-2.062280850349716959e-03,-2.586181770695890683e-02,1.620734531934407696e-02,2.160133233651672854e-02,-1.547984904753472524e-03,1.054966714552148938e-02,-2.357279755614166987e-04,2.422351172835414054e-03,2.586734497644243777e-03,1.937915502623378588e-03,-5.160593367823863159e-03,-3.352259967003135693e-02,-1.723710539289571159e-02,-1.139020218853665362e-02,-3.943181443212985006e-03,-2.548843329149980130e-02,-1.015251898662445154e-02,7.371402418750957510e-03,1.566827702477724404e-02,9.138300100518630120e-03,6.033792072377110009e-03,2.995917768001522472e-02,1.073634877085164613e-02,-1.073222219049708298e-02,-5.513540817720968996e-03,-9.502121460074362813e-03,-5.899155640011619767e-03,2.838563122687143975e-02,2.005355235407638506e-02,3.951370539797102364e-04,1.927970433186930975e-03,4.001633983107025574e-03,1.300242861450894710e-02,7.765887952739261579e-03,-6.733889801371879293e-03,-4.028942829854813279e-02,-6.389039856867039131e-03,1.001960861388568810e-02,1.193124588529755753e-02
2.853771858740151990e-02,4.137040301339729720e-02,8.281189393582891536e-03,9.932237264897237836e-03,1.796444762138266205e-02,2.298743508224570728e-02,5.372339386968824453e-03,-2.836703809814301001e-03,-1.531147194968702184e-02,-5.489846814159622147e-03,-1.378248840252870901e-02,-1.724777266669762221e-02,-1.681943641460867736e-02,-9.920250694212085635e-03,-7.657472636491827363e-03,4.354098461099010359e-03,1.303132702865897850e-02,8.011433166695998816e-06,-5.158414491405157939e-03,4.898846466701195154e-03,2.802865175256872080e-02,-1.189989012870744725e-02,-1.129876904696613802e-04,-9.267842200993496246e-03,6.917194383869299835e-03,1.209761119377083388e-02,-1.623266265439595943e-02,6.985224820489606759e-03,4.105919818939676030e-03,1.593147654276617312e-03,9.000361891181182794e-03,-3.798855296878965709e-04,2.641420334361760619e-04,-2.653752381346015420e-04,7.375105067176359816e-04,7.093780757918902169e-04,-2.145141433170961488e-03,-2.271142310487278895e-02,-1.720788819734791336e-02,-2.491474975175385353e-03,-1.000902657780884317e-02,-3.140141599657461646e-02,-1.892410385949908069e-02,-1.622071951111704526e-04,1.970951836806493756e-03,5.016611050025343924e-03,6.936681358405008026e-03,2.917467802494942003e-03,-3.128412195706491063e-03,-3.008560070939512911e-03,3.920458087702603789e-03,-4.944286256760845001e-04,5.728474372828731322e-03,3.658920638953683246e-02,1.172329088041912382e-02,1.735496163808025521e-03,-8.290554877611430035e-03,-2.266391610734772716e-02,-5.203861455446062018e-02,1.294349708912295380e-02,5.620109528481719713e-02,-6.417356699747142970e-03,-3.227195324003687138e-02,-7.335482974046700876e-03,2.853771858740151990e-02
1.124860986270716061e-02,1.387839781550978427e-04,5.231730151919667358e-03,-2.812098789823242687e-03,9.828619930195934412e-04,-1.459115184325069292e-03,-9.351900211155452294e-03,1.000263564917547570e-03,5.386038357943791904e-03,2.482193316444726919e-02,2.160135415247644089e-02,-1.150556170220755955e-03,-1.495481996219467924e-02,-9.796639764978512174e-03,-9.680065962769246121e-03,1.108625884962453163e-03,2.730515576112964825e-03,3.734940169220526008e-03,6.411666433864855394e-03,2.492445985417210321e-03,1.047874680076443625e-02,7.709132159761184801e-03,-1.615744338909980022e-05,7.571230610728917933e-03,6.708509085068486630e-03,-9.372533384476626483e-03,-2.913643627340614835e-03,3.570605734904270384e-03,-2.979359386302144462e-04,-1.543272448021511213e-03,7.525185666933729804e-03,1.224497709047829563e-02,-5.576657312683587411e-04,-3.668370734929283480e-05,5.595158342915516544e-03,-2.674404072256272163e-04,-3.461999582814784954e-02,-6.348722317725366548e-02,1.771188155518819756e-04,2.558358389355960393e-03,-8.104378766105044610e-03,-2.854119486571723898e-03,-1.724617356083770967e-02,-1.720159967821002431e-02,4.268841696957451602e-03,3.048286855578259593e-03,-6.131190289950651066e-03,-1.305176037724032788e-03,-5.421903703820143278e-03,-4.879023746273599901e-03,8.015202587179120347e-03,3.543793792830506051e-02,5.938923181500391224e-02,-4.558144136948428377e-03,-6.220440801532816451e-05,4.581174175215823111e-03,-6.164306026918879924e-03,-6.106602709624257136e-02,-1.040052386417932850e-01,8.241249313586192574e-03,4.425324010678643311e-02,7.684877970602000362e-03,-3.762981033982373651e-03,-1.417901745610817936e-03,1.124860986270716061e-02
-7.515486124902188026e-04,-3.433459380911556020e-03,-5.526421828679822790e-03,-6.955132286573066647e-03,-6.280442117880384069e-03,-1.896191940887356417e-02,-3.343413272150896811e-03,4.050692857159786560e-03,2.632928738172562230e-03,-1.683159161605748575e-03,4.995781664025414652e-04,1.788244496339017053e-02,2.087650894323578310e-02,3.789643726298327561e-03,1.571575113660884912e-05,-3.275967154511369699e-03,-1.065655518637073597e-03,8.451885683542385364e-04,9.393866370002669844e-03,2.758192605966029980e-03,2.169857508524569104e-03,9.588212722685153511e-03,9.729948883824958081e-03,6.796122084337757191e-03,-3.948692657791742257e-03,2.476412017338312527e-03,5.016068652503180222e-03,2.146889396940134757e-03,-2.861920368316168799e-03,-4.010898564833769754e-03,-7.835389973327800198e-03,8.021715487601501285e-03,2.575617599421522672e-02,1.531927467872784901e-02,-7.126966143137801295e-03,2.464875599784360251e-03,3.508107196835314866e-03,-6.066165482622521560e-02,-4.702468029580065406e-02,1.950694657501686772e-03,8.607680583907642222e-03,8.382828343592527848e-03,4.831338690491746371e-03,4.910321318056293585e-03,-2.883851007288285636e-03,-1.253190631391523820e-02,-1.854890092671394528e-02,-1.679558180825389477e-02,-5.162420724380430669e-03,1.214871927341804438e-03,4.743191883016970728e-02,4.269767617835408535e-02,3.915840157837724086e-03,-2.979288425280855312e-03,-2.538799030035204796e-03,3.111566444418589240e-03,1.051651894429501917e-04,-3.857834994160481458e-03,-1.759051334138052661e-02,-1.986154925057564795e-03,1.003976481694345869e-02,-3.982586139891871289e-03,5.399560317107188895e-03,4.036495071274816965e-03,-7.515486124902188026e-04
-1.161447821993541723e-03,-6.358896454883976139e-03,-4.697795240236224412e-03,1.857051006614934049e-03,-2.006635963044810234e-02,-1.099798100172619079e-02,-7.075921151983762154e-03,4.811626172947878512e-03,1.602454804113505327e-02,-6.409496129987569089e-03,-3.589958424104898460e-02,5.046066341865558362e-05,1.680393756892198387e-02,8.087298015534019960e-03,6.905403761467987685e-03,-2.127379337383626667e-03,-1.056118021909631909e-02,-1.280989599429802646e-05,1.020147706882540764e-02,1.843023643509360265e-02,3.684742352578007120e-03,5.154212030847809579e-03,1.062259088548745236e-03,6.246168955792614184e-03,3.351108263427412474e-03,9.615845010750750585e-03,1.126916392310536863e-02,-2.248271806084068888e-03,-1.380689320781370612e-02,-2.059147812939025185e-02,-8.126559213029745099e-03,-9.701984304821815661e-03,1.122559062106416551e-03,-8.865642068026294634e-03,-2.139153970092905286e-03,3.053747390781907586e-04,2.607761092275093576e-02,6.432471452565401149e-02,-7.170373157126605848e-03,-3.056383234973901811e-02,-7.795390529956925426e-05,5.941639125064020199e-03,1.871750120556164160e-02,3.460425724818954468e-02,-2.347115947452560469e-02,-6.527043331814297300e-02,-5.792205172129459047e-03,-2.412891943488543883e-02,-1.519562955502126896e-02,3.380177174514554378e-02,4.174308216843208852e-02,3.561536114470099240e-02,-3.465151234136155207e-04,-6.976730206470653506e-03,-1.528669598810982258e-02,-7.224877369791984894e-05,6.259284503833410264e-03,3.007078160631028452e-02,4.511004204983658228e-02,-2.834086058340485118e-02,-2.984323267537212013e-02,-4.549413331378380013e-03,-9.499011122190433032e-03,-9.640891069178010933e-03,-1.161447821993541723e-03
-6.962325906258701874e-03,-4.498471573823409342e-03,-1.581663955869645451e-03,2.406286010141001856e-03,-2.973886719471771460e-03,-7.738887246368698729e-03,-1.503835798297061075e-03,-3.852895098173260814e-04,-2.123684630728918735e-02,-7.446933237804460350e-03,8.603324258556274348e-03,8.993699029383133911e-03,5.507468095171824153e-03,1.239618335994424440e-02,4.664888402747082927e-03,-1.415732023548257196e-02,-8.024160156799083066e-03,3.674152736372087629e-04,1.388200438128065449e-02,2.175100435534815801e-02,8.261098999002626855e-03,2.851178001433089543e-03,-4.215122560925549898e-03,-1.164073952588626053e-02,1.361958347219619642e-02,1.557583591610358330e-02,2.483871142661826098e-02,-3.219003156275276043e-04,-2.979775592554383817e-02,-8.390845609955696269e-03,-2.684556722519528416e-03,-1.279122690859370130e-02,-1.362527825412939569e-02,-7.787998981335753947e-03,-1.124684587837615046e-04,-2.478562716505624164e-04,1.850937128786087462e-03,6.441162663731064830e-02,3.590201785740045060e-02,-3.792895197270231954e-03,1.183730410538582430e-04,2.519525010203146811e-03,3.292711051503097869e-02,7.715492127382614362e-02,-8.264260519553279574e-03,-8.208505712172679825e-02,-3.944070289539475943e-02,-1.237518904624737267e-03,-1.326088310003450867e-03,2.927461823559472914e-03,5.972863750081577883e-02,3.415283747586916191e-02,-9.924781797453962814e-03,-1.270830143917564548e-02,-3.649600129335524301e-02,-6.703183592883908345e-03,7.540555153162437595e-03,1.679048504850899279e-02,2.657720813822284783e-02,1.974296656616936554e-03,1.812038977929448982e-03,-6.388175789955522280e-03,-3.469068488872797257e-02,-1.142852163563140740e-02,-6.962325906258701874e-03
3.278389911935874947e-03,1.082001270391308922e-03,-5.626976047850079481e-03,-9.274957340402537878e-04,-7.350576244251699753e-03,-2.198222537304441934e-03,-2.237722022822842723e-03,-1.700947986289503416e-02,-1.429352443772550010e-02,3.707259552436809481e-04,5.440328061902243231e-03,8.736549497543221604e-03,7.123596427709004766e-03,5.024599607746942434e-03,-5.385741755924153447e-03,-1.579900598136020715e-03,1.730477001730138398e-03,-6.679675936531303398e-04,1.074761989800692048e-02,3.645165497820032630e-02,2.440919448391421290e-02,-7.702311777807518359e-04,-1.141879891329914765e-03,-5.769727398531237193e-03,-1.109456365357695123e-02,4.846052173539271059e-04,7.923853805465270669e-04,1.366278123139811349e-03,2.293504726021473438e-03,5.994905123720568538e-03,-3.187626693814490280e-04,-1.492558363148949359e-02,-5.858174020167809110e-02,-1.553836224677734509e-02,7.508736713468694727e-04,3.095107596695402877e-03,-2.313313701827784312e-04,5.248771745544765846e-03,2.726263817991157398e-02,7.245861993579883441e-03,-3.517694400298546509e-03,1.224842173061518316e-03,6.614027855775942051e-03,-4.325588362576629313e-03,2.201089421885156841e-03,2.104188349107237455e-02,-2.766881237863160273e-03,-1.098770960312638219e-02,-4.454908978476274442e-03,1.460549523414049131e-02,6.659739698252553630e-02,-4.106245592860401951e-03,-2.908582132768513726e-02,-8.904486490685198721e-03,-1.737819534100616681e-02,-1.799772038123133300e-02,2.335994171380857622e-04,8.872115217861150857e-03,2.429090349085457484e-02,5.079061797410207475e-03,7.726836082630981865e-03,-2.527522013502432954e-02,-4.222311971386536605e-02,1.578029935806754243e-03,3.278389911935874947e-03
1.619647518565013947e-02,4.844770352072885755e-02,5.487395766897442198e-03,-1.657902098509657016e-02,-2.806060752417840250e-03,-2.971062208424119010e-04,-1.375555151323413702e-02,-6.354990953131263616e-03,-1.379967889181576632e-03,-3.594644028169242250e-04,1.596516641132597961e-02,9.378446987942885837e-03,2.165113983363674971e-03,-3.099550382232487376e-03,-1.426874793603929471e-02,1.410136304556981225e-02,1.090047112797788058e-03,5.830781313238631372e-04,-3.581155606183730636e-04,1.612228487856934289e-02,2.660156232333474313e-02,-2.427233172516905704e-03,-3.241847631318041639e-03,1.944607144190305635e-03,-2.172560503388072314e-02,-2.879893078840325277e-02,-7.880465966013015799e-03,7.779589480145880469e-03,3.628758595559859745e-02,1.417836122734756135e-02,1.071794900383113425e-02,-9.525586157304876539e-03,-2.134745947882632847e-02,-2.944979939558714510e-02,-3.022734270871995743e-04,-2.146167614709767503e-03,-5.755750539956340723e-04,2.464270268608012527e-04,8.166443326972597228e-03,1.826206667621845664e-02,3.693284690250511499e-03,-9.812800125279382783e-05,-6.849147396587842301e-03,-5.238458337644823909e-02,9.897214665009760465e-03,4.679821171585795553e-02,1.130457758356084169e-02,-6.398980293255390750e-03,2.486369334183620764e-04,1.792689164996504742e-02,9.728268305308962124e-03,7.789520094447177807e-03,-1.259531639781346496e-02,-1.665675669704189815e-02,-1.032860281744621064e-02,-2.555793657189224521e-02,-9.937584304062632018e-03,1.609487713975256765e-02,-2.454192077770819195e-04,-4.746993181422368147e-03,-9.197869669779279445e-02,-8.968859690720530284e-03,1.879702353938217038e-02,4.560717808257014859e-03,1.619647518565013947e-02
4.468833132791157590e-03,3.871611615366293835e-02,2.117434879404617512e-02,-5.671333662243625146e-03,-5.084123182073200554e-03,-8.003974817785192500e-03,1.755289587071476765e-04,-2.564020378912811038e-03,3.803078736149216989e-04,8.268892484944749197e-03,1.127879713472839697e-02,8.275771390828849878e-04,-2.520383906739072453e-03,-7.892310408746749592e-03,-1.021673243901759318e-03,-1.366127662939678597e-03,2.412796278547500343e-05,-7.325685751246900808e-03,-6.931943806988614910e-04,2.368040877460598180e-03,6.535630188736172262e-03,1.295879705182293416e-02,-3.434531023409345424e-03,-1.116761915510743356e-03,-1.479966051171099743e-02,-2.442862736054368655e-02,-4.530074854038762706e-03,2.063103930586473664e-02,1.978255139815669403e-02,3.535500409430910457e-02,-5.538627003774567424e-03,-7.523228170633266057e-03,3.471886792277476788e-04,-2.452071535640085870e-02,-6.995691522181906284e-03,-1.636122828819665731e-03,-6.421114642328337556e-03,6.510868465931653887e-03,1.117605273881270254e-02,6.694647487575223002e-03,9.039545756265423074e-03,-6.450262218804950296e-04,-6.088879176091074180e-03,-1.409742809591310424e-02,1.407761608419724265e-04,1.046109407285193693e-02,2.892990111090105662e-03,9.933604225780155381e-04,5.031519823744803194e-03,-1.497935584585692180e-04,-1.888740127715082470e-02,-1.156536198541499583e-02,6.966084222569081212e-03,3.026588348856840312e-03,-5.221340324291402421e-03,-4.990165348681141651e-03,-4.331524596100767843e-02,-1.672290712067168355e-03,5.898930192374777712e-03,-3.270538400731449330e-02,-2.179769826422490314e-02,-4.959933007788909628e-04,5.090916712525139602e-03,2.550630016838732143e-03,4.468833132791157590e-03
1.945730094779967194e-03,1.041789699337524605e-02,1.534182173796837766e-02,4.225881171385830783e-03,8.932213590349116425e-04,-3.830466356033192357e-05,-4.488072843643479471e-04,1.428414563498874327e-03,6.739728134833186668e-03,1.702361089785940987e-02,2.217029082165138543e-03,-1.454533032807804041e-03,-4.075592208214409533e-03,-1.315718591748817230e-02,-1.442706727966088821e-02,-1.106238475024684011e-02,1.909666474871934711e-03,-7.591598576400506067e-03,-1.182278575027893288e-03,5.358175090946253744e-03,-3.792165822417097217e-03,1.002860824029585748e-02,5.172718547966088931e-03,-4.851269432828127031e-04,-1.454261073032620151e-02,-8.971453956631587207e-03,-1.506735812358118423e-03,5.774121099899153300e-03,3.735840098524709219e-02,1.097877929231901202e-02,-1.528729422061232343e-02,-1.592814041511120618e-03,-2.760525380417840676e-03,-7.807864234271113223e-03,-1.952360174647695384e-03,-1.052055330794426057e-02,5.053787787207019745e-03,3.676448844811760347e-02,-7.652566729601739887e-04,4.633328361450016544e-03,-5.238785659200900606e-04,-4.978594080633990619e-04,-1.710565690753335782e-02,-6.380223647918058585e-03,1.494244241787683882e-03,1.053141590597938583e-02,3.625968195655355879e-03,3.582838264459216760e-03,7.053806041735833678e-03,-4.713697768460303945e-04,-1.533444423468822287e-02,-2.905356728321088072e-02,2.405057271759471552e-02,2.014723565589354379e-03,-1.467385790760509026e-03,-3.185454122636848049e-03,7.551501971727224904e-04,-4.602598914959665083e-02,-1.438926422905285017e-02,-2.428123910692836160e-03,-1.653466825236276153e-02,-7.012016508170836396e-03,2.229883348669830199e-03,4.371776165277519929e-03,1.945730094779967194e-03
-1.163228861226667981e-03,-4.486259680241755539e-03,3.124591907500788406e-03,2.438263523464389865e-03,4.062044766165248547e-05,1.724258320775318848e-02,1.793966009781524252e-03,1.478499753103044295e-02,7.128544173675525897e-03,7.962515000674376441e-04,1.400243577407562319e-03,1.950365816747086920e-04,-1.164765080064364324e-03,-3.155240304140021455e-03,-3.952475222292022722e-02,-2.155569588264081952e-03,-2.495951636644327693e-03,8.036057474282567309e-03,-1.105174792591359992e-02,-7.995551610003015161e-03,-2.546842267391775071e-03,1.234330469209397960e-03,9.030304207787005766e-03,1.352168212368003337e-02,-7.693924291509125421e-03,-3.667554315762613926e-02,4.335852041963288162e-03,2.113966048931990513e-03,2.752163657878147623e-02,2.802562500314679031e-02,-1.761779861280380471e-02,-5.379035259726573474e-03,-1.932238737789377866e-02,3.560222498524693441e-02,1.224782804023371967e-02,1.856123871277752524e-02,4.410866516808050614e-02,-1.604935384187769140e-02,-2.355314744795625626e-03,-1.236137459434738343e-02,-8.082027307588612874e-03,-2.977218726917996508e-02,-1.117733040597563600e-02,2.231753415076079793e-03,5.697973630536909417e-03,3.421300450973125545e-03,1.223512722796838391e-02,-4.793494201527398100e-04,2.371424977519766969e-02,7.033891311639330242e-03,-2.563347211457640482e-02,-1.299145876282944978e-02,8.732445475476652980e-03,1.555334367208068220e-03,-3.327728411104556496e-04,-9.374014318696305414e-03,1.803494738287594532e-02,6.281235009863466627e-04,-3.007857916161471232e-02,-1.663708979828411663e-02,2.790105236480277390e-03,4.712854339332319883e-03,-1.794134825802591593e-02,-1.467221336776782133e-02,-1.163228861226667981e-03
-3.615139660434993352e-02,-7.722592205437374055e-03,4.390898495507509006e-03,1.233682288907468963e-02,9.768986583039129465e-03,1.063437590227372075e-02,1.535906270793858421e-02,2.675301360504153160e-03,1.051348834606604873e-03,7.310319081463202305e-04,-4.006977971571963615e-03,-4.336612433677002401e-03,1.102114922392990071e-03,-8.713241039429543006e-03,-6.404064439580813700e-03,1.849506971938995542e-03,-2.161977357152498370e-03,1.551792654294741080e-04,-2.862294820874809135e-03,-3.410742309622261104e-02,-6.791678103547472457e-03,-1.072511258623379390e-03,7.977526695425300220e-04,5.982024678675377030e-03,1.289400150229633168e-02,-1.066192339076301593e-02,-1.451095231122149533e-03,5.494822726223889953e-03,7.903898659438690633e-03,4.197609019787465479e-02,8.025111829874457051e-03,-8.449672168492640065e-03,6.100023167791830334e-03,2.921538621999341875e-02,-4.092014953708780398e-04,7.516905681123675631e-03,-2.988018761883525724e-03,-2.999854538715713247e-03,-5.205571816313082217e-03,-3.620481822694214535e-02,-2.966441275781325423e-02,-1.165804973131631672e-02,2.813362239901273133e-03,2.385057694421629029e-03,2.105135262060212672e-03,3.813458414046424138e-04,7.010440534656907016e-03,3.643028713860494566e-03,1.204238495233119627e-02,5.218861157074620657e-03,-2.524089309354306254e-03,5.014932386269932429e-03,4.258509732387684953e-03,6.864456807792082907e-03,1.796485164894099469e-03,2.223703314643164439e-03,1.072914571985744502e-04,1.508981817871957176e-03,4.952667842197300187e-04,5.610671560694017491e-03,-1.994637948321910641e-03,-1.013556256317168190e-02,-2.582719787909755135e-02,-2.749341000595254339e-02,-3.615139660434993352e-02
-4.451683429919314761e-02,-9.786130446929877311e-03,4.236213509841455470e-03,1.999264113232016027e-02,1.758203462211372498e-02,3.513776633681920010e-03,-4.210430035159035654e-04,-5.372861740736270325e-04,8.545421447021692108e-04,-3.381633122579845788e-03,-1.123775365168030657e-02,-2.461768032630091800e-03,-8.625777757952236835e-03,-7.064648075887693460e-03,1.102739719825699197e-02,7.599704946173561904e-03,2.898394124721374063e-04,-3.333619482964554756e-04,-4.634154174505094974e-03,-5.499483734729095595e-03,-5.476029522133234531e-03,-7.378196110380723718e-04,7.038688423683416018e-04,-9.077907875833117479e-03,2.340424800778968546e-03,1.740917277835149837e-02,-8.874984144523524483e-04,9.684907930744004415e-04,2.000241849051634380e-03,9.099064051881005158e-03,3.933773805429333081e-02,6.380149422401975266e-03,6.782466703047296264e-02,-5.933040983031113210e-04,-6.123296976542906729e-03,-1.210938695349335695e-02,-8.918928738231026235e-03,-1.019403274506719068e-02,-1.864828285092990853e-02,-2.448799533944228009e-03,-1.339109656942392415e-03,3.199799502777500105e-04,-7.122538105336880584e-04,-8.237328341996409849e-04,-2.369656774436606356e-03,4.162154182884387696e-03,8.474424074382733846e-03,1.466138830292172852e-02,1.022300149313513451e-03,1.250261912049679264e-02,2.139644051148599686e-03,-1.700255562541001320e-03,7.607902566212022301e-03,1.083915846288876703e-02,2.038654248931260834e-02,9.847909225072828607e-03,-1.024084853682439081e-02,1.916739869645859434e-03,5.321293805906713269e-03,-7.565900884284918262e-03,-7.436537859107688643e-03,-1.241937006835647749e-02,-5.347546625604895909e-03,-1.494664281027532210e-02,-4.451683429919314761e-02
6.177659491075131355e-03,-7.967897085721814890e-03,-1.206689668072149536e-02,5.482814082941922344e-03,2.113954488847052601e-02,-3.099224642115779374e-02,-2.647422637008063975e-02,-1.143641403172832027e-02,-1.565699522148544798e-02,7.913251997904090576e-03,7.280814493956659465e-03,-2.555013658683578243e-03,-2.448318998597011180e-03,-1.232543466788331736e-03,1.661347768409999343e-02,3.886464496743882637e-03,3.415973120979839961e-03,6.645519613800057561e-03,-1.393112192264856332e-03,-2.391373229462821076e-02,-2.247568687776205915e-02,-1.451627663839408569e-02,-4.802566665668696680e-03,1.043903317636999924e-03,3.296173771038608726e-03,2.835448221993535495e-02,1.244728303708009069e-02,2.015916897606329083e-03,-6.924944023171120122e-03,-6.429513891404271125e-03,4.731145819254707618e-02,5.683645704393770065e-02,4.061534242026960950e-02,3.452534544458348790e-03,-1.475382707604495306e-03,-5.595264625138016840e-03,-2.875126094555745943e-02,-2.755408478322684748e-02,-3.313351016626424166e-03,1.639476184116920796e-02,5.890980105642831810e-03,-4.032146447025927900e-03,-8.531578825287112686e-03,-2.056549195677314507e-02,-7.109431708058774196e-03,2.090227681881412503e-03,6.506707625370405229e-03,3.618382938857269554e-02,1.443175135031649590e-03,-1.159637326551633997e-04,-1.199697867446062737e-04,1.192219100120772181e-02,1.775485220759020696e-02,1.761286537655275611e-02,2.763419081176398534e-02,9.270838726399579371e-03,2.604887757117358132e-03,-5.144823347212455593e-03,-3.188139822312718343e-03,-1.483939415263422698e-02,-2.436966453105442187e-02,-6.672714966237276550e-03,-3.995205528569761681e-03,6.938986950616767013e-03,6.177659491075131355e-03
3.346849058044952530e-02,1.658993508549409281e-03,-1.483478086392829576e-02,2.143227034577420073e-03,-1.660230750221137683e-02,-1.021855212035841093e-01,-1.757647704731933602e-02,-5.326497050840141474e-03,-1.673530075676688336e-02,-6.050040627971654296e-03,2.710747957628781291e-02,4.904251161980444779e-03,-1.615695754097792782e-03,7.968384802299846581e-03,9.877729512246864740e-03,-7.351306906074202806e-04,7.009195772272869100e-03,5.416527891638683650e-04,-3.744886564932924447e-03,-2.758461202126406137e-03,-4.906114608823686826e-05,-8.960514720048410806e-03,-1.336147597684199731e-02,-1.067782587283485490e-02,4.221289573231114950e-03,2.419160175750911801e-02,9.084430943221618107e-03,1.176491051978946099e-03,-1.517167839607822108e-03,-2.211634112163027646e-02,-8.467671249781597714e-03,1.058891546900003616e-01,5.643259736019631129e-02,1.988671059732187094e-03,-6.646962395415392452e-03,-1.259794076049683973e-03,5.966174254242580417e-03,-1.611651828906006086e-03,-3.846539186638933423e-03,-5.004407080217835625e-03,2.093876183114177624e-03,7.068941688608430286e-03,-1.375813031757998177e-02,-1.642166777320537910e-02,-3.899808034620808050e-02,-3.328837381656157487e-03,-3.294045873834907431e-03,2.877609696022914373e-03,2.480775642089774746e-03,-1.707741402360430163e-02,1.319437365642812596e-02,2.087800010754569530e-02,1.981704870238323174e-02,2.961993247060198953e-02,1.010414641718719586e-02,8.188257074870938877e-04,-6.076071276026673469e-03,-3.760913397399096719e-02,-4.651790458822707697e-02,-8.128215257497387394e-03,1.609354302058575541e-03,2.625055907091558387e-03,2.297738699197502863e-04,2.419721043410516526e-02,3.346849058044952530e-02
2.216462373523507209e-02,2.746851633670609714e-04,-1.855890725754823917e-02,-9.921705579295282684e-02,-1.322450007019206342e-01,3.753589627266802620e-03,2.177123428737082547e-02,3.182860347164212511e-02,1.833475710254362651e-02,-2.342438308594220475e-02,-1.070943494611553345e-02,-2.663533160069905294e-04,2.680168076163657546e-03,5.285304586163461736e-03,-2.954270303218092206e-05,6.470085942154097346e-03,5.323167179092805432e-05,-7.301738892942681927e-04,2.235059183533008576e-04,1.009916871055775885e-02,-2.868047833372741346e-03,-1.924502019690791862e-02,-3.191570166800000719e-02,8.858761643244327313e-03,6.078784181654367166e-03,7.117575375861172598e-04,6.278502145636975611e-03,3.876799292995154831e-03,2.451804251276592660e-04,-5.086453802444254602e-02,9.844470545531884120e-04,9.381314650721561677e-02,1.801998324975074769e-02,-2.063614199983826200e-06,-1.658456610706689855e-03,1.206848857400318054e-02,1.106064318827838161e-05,-3.123474924343643184e-04,6.601169116801599472e-04,1.115985093578640043e-02,2.475145434793771942e-02,-3.479223866209477014e-03,-2.658094651460141209e-03,-9.902024137068737158e-03,-5.532077842174574697e-03,-6.840362664947012561e-02,-1.928035645101481427e-02,-4.967612509565852777e-03,1.108254591970673358e-03,7.261976895760108080e-04,3.857050362577467070e-03,3.582687441532666529e-03,5.672172516192335902e-03,1.546955208185260382e-02,2.136931380646020159e-02,1.355917735127201132e-04,-1.222290033439026556e-02,-4.594608248744819906e-02,-6.383988384808678140e-02,-5.395931920555090133e-03,3.514969363167983613e-02,1.086231550822669076e-02,1.248976290366839506e-02,3.471830679523050384e-02,2.216462373523507209e-02
1.353016328032934611e-02,-4.865292619704419518e-04,-4.904410246463739714e-02,-1.386250054131940579e-01,-2.160638820568825530e-02,5.598255268182920907e-02,5.203496756128937750e-02,1.504463882035965774e-02,7.104596705396338911e-03,6.349741417891650863e-03,-5.997129083629963026e-02,-6.733697922714719161e-03,3.415829954051255235e-05,-8.527136077253429829e-04,1.264717148115372019e-03,1.175241353063384483e-04,3.198068279542080113e-03,-8.964627612544146451e-04,9.627448758396104853e-03,3.098209166308554374e-03,-1.397472827640177176e-02,-4.061495042901966390e-02,-2.861521468294818404e-02,7.820248816279967360e-03,4.576644441481873132e-02,6.716236540917172593e-03,2.256720871484779126e-03,-2.076540240700208446e-03,-4.760515958143074315e-03,1.374703628133400191e-02,9.680304656157363852e-02,8.088163125905621208e-04,-2.063362693186193350e-02,-3.945373381962127141e-03,-3.994608171604020243e-03,-2.371738703032948668e-03,4.319556315073222588e-05,6.276268451271818302e-03,1.908210395360835504e-02,3.190197608928604933e-02,-1.213699503693486947e-02,-2.503004394827716608e-03,5.581737159452567577e-05,3.395361614937052186e-04,-1.748875486888242013e-04,-1.958545047624462090e-02,-3.716894833678881932e-02,-4.803186775643902492e-03,-6.605626478336928085e-03,-3.771578450679965717e-04,4.722995508055346180e-04,-1.903604192126122016e-04,-3.780686093489960681e-03,1.547627024539292677e-03,1.610529675808248726e-02,8.491367673160958932e-03,-1.999178953449343675e-03,-3.969452577216350114e-02,-3.148608182645022679e-02,-5.905025663855681308e-04,1.022397718571605406e-02,3.850630650408639472e-02,1.560546768595317407e-02,7.629345835418681332e-03,1.353016328032934611e-02
1.152704838789709446e-02,-2.817254032432770644e-02,-5.586236190385755751e-02,-5.457231265145515153e-02,-2.151388070380450337e-04,4.093265574832403997e-02,1.376596467730446804e-02,5.092394017180019430e-04,-2.945607372459368295e-03,-1.238879062921373689e-02,-2.768610886616935593e-02,-1.294177318611415724e-02,2.903781209361259476e-03,9.357350185363018727e-03,-1.231421050539025777e-03,1.642467762089457051e-02,-7.610316496816111470e-04,2.749532600934345532e-03,1.170898175691599714e-02,2.702053431113834135e-03,1.679240476067559102e-03,-4.120057757406477700e-03,-5.552156240070777425e-04,2.421617481472412218e-04,7.497225736945894656e-03,1.362707875332493232e-03,-2.584335667867851839e-03,-5.247439054474784502e-03,7.644752271873934274e-03,4.115040002096217314e-02,6.560653233422477151e-03,-2.692073912909344682e-02,-3.110819237171365270e-02,-8.224862159870440989e-03,-1.435661757573109898e-03,-3.242890157188659667e-03,3.790180215123873774e-03,1.516640419339352133e-02,2.154661313872528738e-02,-1.902273016544070265e-03,-4.508552639838786535e-04,4.885409764665618864e-04,1.595840585286935082e-03,7.834795460573583587e-05,5.324046451473400578e-04,-2.376582195780184133e-04,-1.229751826132571488e-02,-3.464786377185711391e-02,-2.327832752200484356e-02,-1.036020167180343697e-02,-6.895349987229005412e-03,2.407143355704218293e-03,-4.931563762224740926e-04,-1.205777678064896873e-03,-1.828462072866522160e-04,3.798973941200855728e-03,3.246696082999558051e-03,-2.820005718031559552e-03,9.111353258432486064e-05,1.025928464678856978e-03,9.001803584258206981e-03,1.175166397252886200e-02,4.077448836892976630e-02,1.962469584046093798e-02,1.152704838789709446e-02
9.041146549251457155e-04,-1.325600350404252357e-02,-2.045842184044480844e-02,-1.294376077815891091e-02,2.391217804243947476e-02,1.526496069647857723e-02,1.942775840353410223e-03,-7.879266674387392505e-03,-6.595561964476494114e-03,-2.074174785048783082e-02,-2.176435839724336074e-02,-7.183978691246645579e-03,1.100080213095866455e-02,1.543933071510863834e-02,1.375522720079361445e-02,-2.831317136162799213e-03,-1.681563944669169563e-03,2.723331025272918843e-02,4.761037518254220002e-03,1.465053215151372774e-02,1.380652912392593343e-02,3.327908109707766043e-02,1.069327422160047322e-02,-7.827147216012150452e-03,-3.104846140222208839e-02,-3.920636103540389716e-03,-5.217472068208673860e-03,-1.273612903327116372e-04,1.465932359110415882e-02,2.858583086701793272e-02,-9.906905649954942869e-03,-1.299001120490964056e-01,-5.116562630791508803e-02,-7.540965143111658109e-03,1.393180291150133455e-03,1.678491215032651678e-03,6.714177418760946918e-03,7.501315136667434900e-03,-3.198373253619848661e-03,-1.551030079486317168e-03,2.396990481650356636e-03,1.437149338283486705e-02,7.474981371731962386e-03,-1.086069021442699232e-03,-1.814366932662988749e-02,5.167772733432057439e-03,-5.897143092187554989e-03,-1.692101503926576184e-02,-1.749125399342453188e-02,-8.980179403602612728e-03,-5.470762135061695008e-03,-8.907369927887404115e-03,1.386094779041912618e-03,8.971401742297893667e-03,3.668579029839651520e-03,5.095946975210139708e-03,8.521225743359082949e-03,1.179918901483536196e-02,2.625994815946203209e-02,5.784038430641947476e-03,-6.859231382045691446e-03,-1.696512555656385984e-03,3.260760608545229533e-02,1.944147058114348292e-02,9.041146549251457155e-04
-1.968082457098925021e-03,-3.843672916435803943e-05,7.057289393075801519e-03,1.472067855182398501e-02,2.378711458446333346e-02,1.008950181298565868e-02,-3.329452145696627286e-04,4.394540759705417229e-03,-1.477029211864424978e-02,-7.873244471586222926e-03,2.170119591336567200e-04,3.145813939762643046e-03,-1.141319173297620625e-03,-6.796466225034568376e-03,-1.784963610810743478e-02,-1.527037682718816562e-02,2.440951296518246300e-02,1.123517442083846705e-02,4.691470442547683931e-03,3.159121087904526518e-03,5.910119182424806300e-03,3.054498972307187477e-02,4.078972554273477269e-02,-2.404546157195279130e-02,-2.389031918076877162e-02,-5.097587617349938309e-03,-4.962525699193941209e-03,8.047371569311194970e-04,2.576982267373069662e-03,4.201728767164437939e-02,-3.105937039317183818e-02,-1.960276996513712067e-01,-4.881112914148660886e-02,-2.010059182777402739e-02,1.041573994687654443e-02,9.597465840977448606e-03,9.347814944132861598e-03,4.777503115553035674e-03,-4.357906945468141210e-03,-3.726091978525910859e-03,5.854029995190575958e-03,2.264930786334506951e-02,-3.283927959525233427e-05,-2.084750483858029135e-02,-2.544490198245462353e-02,-9.112943390911053612e-03,3.634214415406345627e-02,2.290748447244129321e-03,-5.171348551645697176e-05,-4.332497820872627074e-03,-7.955107528485638388e-03,-1.741375036179267435e-02,-2.816151992377676373e-03,6.871543410937139273e-03,3.291946042206596312e-03,5.857197752229210963e-03,5.292534352924360523e-03,3.239591608273570400e-02,2.645487327118749982e-02,-3.546097101573320075e-04,-1.357213864984342828e-02,-3.240270745747486723e-03,-6.728194539090784007e-03,-8.579497616850255068e-03,-1.968082457098925021e-03
-1.820417056323557492e-02,9.786882054368669509e-03,5.130873246686478567e-02,3.185833125644402242e-02,2.842112650329424797e-02,1.401762039124054143e-02,3.160169480911887568e-02,-3.728020327654934293e-03,5.372989984622723522e-03,7.935684429808406021e-03,9.914322187556487420e-03,9.929523627043686934e-03,-2.856372439034998365e-02,-6.850046072766428906e-02,-2.317874211721345033e-03,3.147450689794251827e-02,5.444911742920333086e-03,3.919213119578813381e-03,-5.197262914318615847e-03,-1.357976524202460060e-02,8.228347507605246469e-03,3.729997736514313600e-03,9.163258738953048571e-03,6.399445988006275884e-03,-8.039262731124074621e-03,-8.498505588314591436e-03,-7.846649275261536466e-03,-3.935019960669784711e-03,-5.912449784508673478e-03,-3.793311734916459538e-02,-1.017941233037552434e-01,-3.754324754302228173e-03,-1.589000183101091368e-02,6.588674778188313144e-04,6.189563490662928179e-03,1.127216260040749159e-02,7.178762516230533137e-03,8.711218652004256368e-05,1.691007847016280695e-03,-1.125339245005393084e-03,9.632261804270765690e-04,4.012845988487970098e-04,-9.849335781219090147e-03,-3.439053894789194637e-03,-8.740238502643946214e-04,-3.771810704961893468e-02,2.685178458886716343e-02,3.661001269813886350e-02,8.759674918536192048e-05,2.853513037292317901e-03,-2.351918505251271094e-03,-1.046880713640349105e-03,-8.719978895533393726e-03,-1.154159371291528209e-03,2.804905601130791310e-03,2.541147449825354593e-03,1.874185462262313931e-02,1.088872654569031546e-02,5.386108965153124650e-03,1.607042189502434727e-04,-1.029051163330125911e-03,-8.701472297812906306e-03,-2.069065722971548046e-02,-4.656314821368485318e-02,-1.820417056323557492e-02
-2.119305374382341595e-02,4.223139717750871644e-03,2.554594719332036953e-02,5.070762219332672349e-02,4.134132246024574409e-03,3.353847891265242676e-03,5.860143804467016215e-02,5.292133454295055647e-03,-1.786031026685808216e-05,2.097782114650934004e-02,5.061796315116705303e-02,-1.269229661987685866e-02,-5.216463206042645101e-02,-4.735224966526661340e-03,3.151866008675349023e-02,1.984756885621031391e-02,3.541226893739184145e-02,-7.770402143333546459e-03,-6.872810021038386341e-02,-2.534948575601063750e-03,-3.126461515903933698e-04,-5.232337523897140179e-04,-2.620797234530912283e-03,-3.218113851596313742e-03,7.189711016614868007e-03,1.500240517934588300e-04,-1.243012757085646064e-03,-3.322495584231583213e-03,-1.848137026987900153e-02,-1.935684849656621465e-01,-6.656458513634484764e-02,2.452539805841009654e-02,-3.646045444151896136e-04,4.903856799296729338e-03,6.180351832013405815e-03,2.729218541629668902e-03,2.345733751814110552e-03,1.393819001742547864e-03,-2.621721134924434506e-03,9.771961456723952076e-04,-1.161988457342447200e-03,-3.594523723223451688e-03,-1.207153185588254532e-02,6.163469114307430254e-03,5.568961140481798380e-04,-1.705644156546032297e-02,1.149417185715883617e-02,6.066115897893825659e-02,1.385042618122102158e-02,-1.634461564360010360e-03,-1.643040525107179869e-03,-1.898416023796321676e-03,-9.235771367411702015e-03,-1.353660094606289228e-02,6.600768540355576169e-03,-4.505452186182528447e-04,1.794831603927677516e-02,2.311545837627530450e-02,3.987661069881908403e-03,-1.941153415931606580e-03,-6.632204970721811144e-03,-1.414493578804344558e-02,-2.907726757094923273e-02,-2.794728445936248140e-02,-2.119305374382341595e-02
-1.070023868888799476e-03,-1.769936211361008722e-03,3.917317952954232907e-03,2.050028197189099344e-02,8.812088933157073353e-03,-3.120409501386807449e-02,1.633824357617930144e-03,5.415205516601488689e-02,9.314468610444779154e-03,4.576969029509036016e-03,-1.433475167942603948e-02,1.428924960469309374e-03,3.693681438122831291e-03,1.217823353101836828e-02,1.100099008734068545e-02,1.779388983183069137e-02,-1.992102526554085425e-04,-3.944470611197167104e-02,-1.156906068843177766e-02,-9.314432795629828607e-03,-1.524838477120430552e-03,6.598126812225543064e-03,5.657892082800349345e-03,-1.298703203367919520e-03,-2.937959620668719948e-03,7.969571174301011071e-03,9.781328141124147682e-03,-6.847986348772287443e-03,-2.502018065707872080e-02,-5.090428847800448908e-02,-3.344706146455390244e-02,9.205393588434722038e-03,-3.606649470399347045e-03,-4.766234416525053433e-03,1.520707027070970188e-04,8.021910613247788639e-04,-3.624302130709059714e-03,4.770290686807352148e-04,-2.319327694073863421e-03,-4.981268955412192570e-03,-3.472167234039224486e-05,-8.611501334524519768e-03,8.911107667226546292e-03,1.003628149186969881e-02,2.549774225069424000e-02,2.871319284136664932e-03,-1.302106624710421684e-02,-1.606303141680387372e-03,6.971984075813111512e-03,1.192219493111777891e-02,2.945311548926535673e-03,-1.507012811022173659e-02,-1.525735194264235843e-03,-2.296589816397481484e-02,-9.620239448458807463e-03,2.188533570489644559e-02,2.081937728779569008e-02,2.882410475971951269e-02,1.022476873940780968e-02,-5.603578380293750168e-03,-3.194975192163745231e-02,-2.212021328500533152e-02,-2.524548174491852634e-02,-4.703218059617235956e-03,-1.070023868888799476e-03
-2.412500738720676358e-03,7.628927909415745591e-03,7.423960493622781820e-03,7.594113674309421226e-03,8.301305612981987794e-04,-8.502795465862437660e-03,-1.558138061489798380e-02,3.173345550535325993e-02,3.364879434264857194e-02,6.004478868219557605e-03,-4.010959007666329082e-03,1.093460889379792560e-03,2.232858825095607180e-02,1.333174784156851769e-02,1.087519038404786330e-04,-7.926489789790141377e-03,-2.490492569656384270e-02,-5.149106148532140662e-04,2.020636931243172119e-03,-5.896559890658520028e-03,-4.781661379287554690e-04,4.520603231604775930e-03,5.329692987045533438e-03,4.780450997694188874e-03,6.068465778310507507e-03,1.572872088123881355e-03,-1.466477189510340031e-03,1.545012431712704335e-03,3.080170144072637197e-03,-4.581326832241306574e-02,-3.473761114149985160e-03,5.074149194314404865e-03,8.465335573357924553e-03,-5.055592008026631688e-03,-9.445165648552612814e-03,-4.061850604985779017e-03,-6.157275441759379325e-03,-2.117180586453543470e-02,-1.394255315212761552e-03,-1.020896347924116210e-02,-3.667978278365075905e-03,4.267623570112718547e-04,1.730640015078489108e-02,1.746790726795694262e-02,2.557033601701901374e-02,3.545365663408062140e-02,-3.344549818833562199e-02,-4.687570809481728801e-02,-2.193126170290856172e-02,-6.920189364980914616e-03,-2.878054904567636189e-03,3.371182206699286938e-03,2.219219218409870797e-02,1.938179143825428594e-02,-1.174455304842934346e-03,9.216138757266201589e-03,1.893931877812744325e-03,4.484676075038663591e-03,1.177011149496165303e-02,6.102973065067423923e-04,-1.893516743929191809e-02,-1.904005132635214204e-02,-6.004435269967609706e-03,-2.009918006260138362e-02,-2.412500738720676358e-03
6.778023991450984886e-03,2.165229996007832225e-02,1.524612118721681633e-02,-4.247552338042617261e-03,1.979176970363705646e-03,-1.205024248953971656e-03,-1.996668927444351840e-03,3.446358239345810403e-05,6.603871821569165870e-03,-5.065959564057676901e-05,5.411181245064267641e-03,1.334233180555705230e-02,1.901423301415344769e-02,2.266447207304863112e-02,-1.391835702477244464e-04,-1.915262128808826059e-03,-9.816264853338843924e-03,-8.028596211669321650e-03,-1.346019739406736394e-02,-7.498514012098556926e-03,-7.279529274150704603e-03,-2.402423146363042556e-04,9.803669588469576118e-03,6.272621491357567407e-03,3.153045286842766273e-03,3.638672046679241115e-03,-2.356291322301810182e-04,3.529189158938810314e-03,-7.991480821619207156e-03,-9.896016687602891826e-03,5.529021368709655972e-03,6.691158704344411789e-03,2.183594626308884776e-02,5.805972937685739341e-03,-9.323735151391992354e-03,-1.580204550885117715e-02,-1.534250207149440853e-02,-3.143229662350850023e-02,-3.855369043073698238e-02,2.195290682738648314e-05,2.955328918321116320e-03,1.425232939565810285e-02,9.258554124317215650e-05,2.509007383862502452e-02,2.096828460250902294e-03,1.846001487613624023e-02,-7.105236058525914167e-03,-2.083202062173143340e-02,-9.848273395763905425e-03,-2.205715431802237475e-02,-1.694240224757393928e-02,-5.081964832559190438e-03,5.894838257566964619e-03,4.565023582006693531e-02,2.225854925109601798e-02,-6.713664438644057104e-03,-2.899298258170567195e-03,-5.685463662949134800e-03,-2.441299089715275213e-03,4.678095312974091258e-03,9.713448470750353156e-03,2.394087792167994379e-04,-1.816429561841419529e-02,-1.361636266664162029e-02,6.778023991450984886e-03
2.712205676743352847e-03,9.616316640761103651e-03,-3.747918206077885915e-03,-2.393427826969404901e-03,3.921914169856133693e-04,1.397768967810940951e-03,-1.471438335320177700e-03,-1.475098518452149995e-02,-1.930837171990932785e-02,-6.089723085423911879e-03,4.746024523726579541e-02,1.015248035343165739e-03,9.632922981319989170e-03,9.504099383077495300e-03,6.613601662336834018e-03,1.088233943344548988e-04,3.213223046600413493e-03,-2.349911489023698632e-02,-2.924739419665472323e-02,-2.022017671012718218e-02,-9.554702853682768560e-03,-2.272630723142051324e-03,1.213566301019172386e-03,1.440048033975042073e-02,9.183082088293987102e-03,-1.029850605281733278e-03,5.713287667717601966e-04,-2.713438356748562597e-02,-2.143543168961405121e-02,3.160378347183021193e-03,6.955462091342290432e-03,1.753686800236374868e-02,3.263521950241522751e-02,1.632642194736050670e-02,-2.970360230810985898e-04,-1.079153954358677905e-02,-1.850876863544640913e-02,-2.641722799411934039e-02,-9.683109863603945808e-03,-1.349888391779937961e-02,2.287367144866683105e-03,9.833153656789665048e-03,3.252620995947779446e-03,4.500390430408497851e-03,7.246331594431044704e-04,2.111735863581818903e-03,2.332886383303865371e-03,1.216497773737435645e-02,-6.028885462245001277e-03,-1.906292106206641454e-02,-6.879391733606970982e-02,1.839188591481491671e-03,2.717663770958239286e-02,3.311799467454118635e-03,-1.390469700075461874e-03,-1.146877180405639525e-02,-1.468080408759796750e-02,6.433006199868345192e-04,-1.370219924999211986e-03,1.564483179159996407e-02,1.354455846757320232e-02,5.770783320124967799e-04,-8.077632605936454829e-04,1.196689990519842622e-02,2.712205676743352847e-03
-1.852700166717741660e-06,-5.015746684110244762e-03,-1.094566623699352523e-02,3.927668816283658658e-04,1.335803676916221363e-04,2.006584800767739069e-03,-6.035683288446520162e-03,5.334126260568096412e-03,-3.536546028505292705e-02,8.235035317050491688e-03,2.175118670173419987e-03,-1.466592313636955452e-03,5.580784043718046419e-04,9.411909463343360140e-05,-2.894287967932746716e-05,-2.192195206104878905e-03,-3.691904652577076337e-03,-1.547006088407253295e-02,-1.647677744398542282e-02,-7.414840756349830656e-03,1.510325307534794367e-03,-2.245317222691219083e-02,8.430937963532230892e-03,2.323635796426713404e-02,2.444568228577731830e-02,1.614848111000883940e-04,-1.173338063397285670e-02,-2.856762708953075602e-02,-7.743242257373871354e-03,2.483346895141087980e-03,1.134122749183457193e-02,6.258071672901672350e-03,1.222957414735615332e-02,2.745454627124454400e-02,1.213684121082291185e-02,1.174701682217504060e-03,-8.069842294828238893e-03,-2.629046253588939938e-02,-3.119316582992487721e-02,-7.653336097634469253e-03,1.577164329824807046e-03,2.168901445933812434e-03,4.645053006217367449e-03,3.563721152296439511e-03,1.936980619213685487e-02,2.735381088198551814e-04,2.200970759685267394e-03,1.924324011893724720e-02,6.727607500514915136e-03,-1.362850070863474983e-02,4.351598347217301710e-03,1.726471819484222056e-02,-6.256723594607224194e-03,-3.427957002925886149e-02,-3.242931638578434167e-02,-1.272685193614608509e-02,-2.755637514157878616e-03,-9.221483356178965599e-04,2.871431878943185838e-03,5.501658918160477751e-03,1.263715031939507440e-02,7.429700173000814215e-03,1.874357378920361514e-02,1.491561467161839696e-02,-1.852700166717741660e-06
-1.816887238658731335e-03,-5.809162853849484699e-03,1.164783776991251278e-04,1.835917144587395286e-03,-2.863050956676765706e-04,-9.307399639243965975e-03,-4.011188552371982956e-03,4.908668558625513614e-03,3.152902041026053870e-02,-4.062753820452062736e-03,-2.807091435344041038e-03,-9.771617703364322751e-04,-1.807491108952524999e-03,-7.363080874212704109e-03,-5.993582604515323119e-03,-2.157860112917539194e-02,-3.596112841478651956e-02,9.560065602902596306e-04,9.308493706367467271e-03,1.101760931341683875e-02,-3.243342965884135013e-03,-3.495843146939761614e-02,5.709193700074063384e-03,7.807436880091103704e-02,8.865350956081133674e-03,-5.195168998082288700e-03,-1.848063594263174222e-02,-1.149072057424265804e-02,-4.893219420937888579e-03,6.868495395038609098e-03,8.505305091472982731e-04,4.832379649255991345e-03,8.934441848247256721e-03,1.507191046739029573e-02,2.851515464988289145e-02,9.019580025629621475e-07,-1.168960690045098283e-02,-4.558526685702645603e-02,-3.963313527224454624e-02,-2.336876446119552295e-02,5.642700209409215288e-03,2.262177102334117507e-02,4.516664786683725896e-02,2.419079711288461138e-02,1.983270070520800829e-02,1.509837598115307961e-02,2.806360041662491270e-02,2.064119460699221937e-03,-5.473549904270478238e-03,2.120956815115740066e-02,1.375457023406535285e-02,-1.354382399186307602e-02,-3.859817603865881713e-02,-4.203606612698330275e-02,-2.132830449625957442e-02,-1.229688003205819122e-03,-2.567872584508342458e-03,-8.490456512124067504e-03,-1.922051632344652693e-03,6.733160568382688324e-03,7.967410440091129628e-03,7.891039170782966627e-03,2.309868452224029742e-02,6.601632380815630405e-03,-1.816887238658731335e-03
1.845420107984830672e-03,-4.818029401935110235e-04,-1.614167063365555977e-04,-8.198486132869723959e-04,-2.481584635870426846e-03,-9.971945851069039315e-03,-6.141239388441899032e-03,-2.453211636216190775e-02,2.217542615679583481e-02,2.406218921077032599e-02,-3.531547295060403525e-03,8.904719912878267946e-03,-1.629167117124113648e-02,-7.856777396736671845e-03,-1.817342180813756591e-02,-1.574778531300861928e-02,-1.248872124802592569e-02,7.286697784278462452e-03,1.142102908867006356e-02,2.534817768350732664e-02,1.325564197332201703e-02,2.126096791895308244e-02,3.232910088415414177e-03,-7.151934344933860536e-03,-1.476759242669353767e-02,-1.990898480407503682e-02,-2.934502579662668850e-02,-7.229882277803503267e-03,-7.828892340166251343e-04,1.410606199930293254e-03,5.410254983446076502e-04,1.575008527241825856e-03,1.003921257477167692e-02,1.611651226376458954e-02,5.704038434100381326e-03,1.619735855699654808e-02,4.896758145767160682e-03,-4.106501995129626520e-02,-3.450121332586529588e-02,-1.915401653178866459e-02,-9.386854880329543668e-03,2.481382573091950663e-02,7.683662362667810497e-02,5.916813618205912784e-02,2.766154625728175359e-02,4.506744125281279302e-03,-8.783904100387377595e-03,-1.010898371131892064e-02,2.169222024718969050e-02,1.135983024087878872e-02,7.401330272933352369e-03,-1.888204984898392280e-02,-2.842591860623600031e-02,-1.753150770846640880e-02,-8.580754664328733849e-03,-1.688466708254847057e-02,-5.778785002519848737e-03,-6.697366140103559566e-03,-3.330116245359214435e-03,-1.848772562366988634e-04,1.367034707867011839e-02,2.183350805563575442e-02,1.474393712916629434e-02,6.594421127508320359e-03,1.845420107984830672e-03
5.441378298467576362e-03,1.093818910277946643e-02,-2.238295796961817241e-03,-1.567783436034721201e-02,-1.226656402098513961e-02,-1.115922311613130533e-02,-4.886430165571409648e-03,-5.197696412701154414e-03,2.173222446725688387e-03,3.658439168904296240e-02,-3.057447515273621109e-03,-5.900993477307033518e-03,-9.592224188540537889e-04,-5.673105928119245855e-03,-2.292445224530963513e-02,-1.828470690728875928e-02,3.270570183623786303e-03,1.993696200354921205e-02,2.868094061953410656e-02,7.386300003255506265e-03,3.899308808816597666e-02,8.302089422318725820e-02,-1.844923416281363162e-03,-3.396757848552533349e-02,-4.317176935635545082e-02,-9.465256336367772194e-02,-2.921004891320834809e-02,-4.395143381867560803e-03,-3.292013575134393661e-04,3.193239675881625656e-05,4.489804933609040788e-04,6.941929820187770460e-03,9.136323025296377853e-03,7.708382553498099518e-03,4.868510792440594419e-03,3.301145678800364129e-03,2.517225109824435675e-03,3.513592154862766985e-04,-4.059564799848611703e-03,-1.184636320492033715e-03,-1.175519771905312515e-04,1.921735979400259180e-03,1.977844638400657121e-02,1.534651789379479041e-02,1.500520075039066953e-03,5.998957859686826141e-03,-1.845329481370231589e-02,-3.172899974197650186e-02,-1.554249900158763409e-02,1.783723881932106764e-02,3.915216534715119240e-02,-1.572645961248236943e-03,-1.163042941837650647e-02,-1.991322140716340894e-02,-4.155953889223109633e-03,-6.200982123358831678e-03,-1.504452897344374027e-02,-6.095748809417263041e-03,-1.183887106548593953e-03,1.219134751707224721e-06,9.401905227657018568e-03,2.749145503514904137e-02,9.689513213839092559e-03,1.617982719657639831e-02,5.441378298467576362e-03
1.927803971401801861e-02,1.514489280638897694e-03,-6.730222326377200553e-03,-6.520190939000643227e-03,-5.657291521550934441e-03,-9.428131835381558384e-03,-6.491378210734743796e-03,-4.447717406210331442e-04,-5.888081654109796363e-04,9.267464770158879376e-04,2.097416390472586420e-02,-4.201943095149546746e-03,-2.499198841123030819e-03,1.270529807844275778e-02,-1.586498545602783514e-02,-2.982038963439459858e-02,-5.806746029388849942e-05,4.601965142317543563e-03,-1.831827738734292553e-03,4.223028196184070576e-02,3.357279696708866112e-02,1.843149324743053805e-02,-2.267741271601975920e-03,-3.440375630080688696e-02,-9.430292979494168948e-02,-3.167425992778076516e-02,2.748361151865086425e-04,-2.403314828484727798e-04,3.641265541255328617e-03,-7.531333075150401391e-04,3.823127483590775012e-03,-2.951904159749723744e-04,1.691522682887226358e-03,3.191120400330055328e-04,4.316232969729541600e-04,-3.234230561133519255e-03,-1.274078832560686890e-04,4.864114100926213158e-02,1.426531602133656804e-02,1.355908816387803306e-02,2.788567207635321739e-03,-4.324685271228859021e-04,-8.982227862382542727e-03,-7.802893017097876048e-03,-5.354669508563478925e-03,-1.211400854269558715e-02,1.541128245823874610e-03,-1.590522551406782850e-02,-2.277591047293625257e-02,-3.748374640755121768e-03,4.327128961885033176e-04,1.333736972568904701e-02,2.909851263165211602e-03,-7.361165489216090624e-03,-7.145757030632252788e-03,-8.734168412400253540e-04,2.797999101522995104e-03,5.031841436166973637e-03,4.746958587502250314e-04,7.726150942078601966e-04,3.233356734703662222e-03,1.472754817941498290e-02,1.409526973862560220e-02,3.566889665404378903e-03,1.927803971401801861e-02
7.461642068580453917e-03,-9.926782040166409141e-04,-8.916053704177608757e-04,-9.803398839733884484e-03,-5.525915940881988807e-03,1.572244170083626801e-04,-2.595942468995793761e-04,-1.157109565819902132e-03,-1.677435056925044013e-03,-1.407612620865705474e-02,-4.416915400904076854e-03,7.430835180491779726e-03,4.444779553091715053e-03,-9.239291200109987778e-03,1.036701845447118159e-02,6.918274609153974956e-03,-1.112994759084121044e-03,-1.536811286818251781e-03,1.294219892713353338e-02,3.588710545355579262e-02,-4.008784919269529033e-03,-5.047803845192550508e-03,-2.388245671271517837e-02,-8.017404336747717408e-02,-1.854422909102962716e-02,7.978642174318656063e-03,4.841051219045173354e-03,1.594615527543727027e-02,1.205809359407278986e-02,3.471550116731218338e-03,-1.971330884198609773e-02,3.219526869861403726e-03,1.598282137694837868e-03,-2.352143763866293576e-04,-9.953642426573561832e-06,-7.613050563339755598e-03,2.192391591887880853e-03,2.557442255228667416e-02,3.626614784825185622e-02,2.295046215831093514e-02,1.064232959900600350e-02,-1.282335716400088803e-02,-2.058641456946304002e-02,-6.621355052598290082e-03,-4.126594942901478519e-02,-1.376837024060283479e-02,-9.646687799437012392e-03,1.194823878617128727e-04,5.977908526937335439e-03,1.640154121182675617e-02,6.150493650985010621e-03,-6.249807582068812872e-03,-6.543170442732741156e-03,-1.162442534026987854e-03,-7.573031111027677537e-03,-1.503930357909793710e-03,2.089753760501159366e-02,2.350968821681635214e-03,5.239989820676214721e-04,-8.338222960858246435e-03,8.165134032341862802e-03,1.992032158086829222e-02,1.008609929625804182e-02,4.147876825120772049e-03,7.461642068580453917e-03
-6.427163197512500989e-04,1.208774426826433011e-02,5.449740053109729948e-03,-1.446275779272579963e-02,-1.330479342386173269e-02,-3.739715883373065895e-03,4.288736160859421727e-03,2.119529912270184079e-03,-8.085316962212513170e-03,-2.600795243332780071e-03,-1.456715969877364451e-02,-1.955965272166544297e-02,-8.013238111156313973e-03,-1.609304283342308153e-03,2.973836479084937881e-02,7.291601783864111452e-02,1.375531233338756106e-02,3.204860931865842477e-02,6.159708400637601416e-02,-1.347605398136255935e-03,-1.177785208731340141e-02,-3.369529949355002524e-02,-5.760609009078362236e-02,-4.949415675340473192e-02,-1.534320218658545391e-02,2.348499613194654327e-03,3.093796529948131604e-02,3.876145663275024772e-02,6.044994607785655720e-03,1.724086846817129547e-03,-1.960148667837446033e-03,-3.210102055974738827e-02,-4.605454377957196067e-03,-1.580602375997621671e-03,-5.090229851527371119e-03,1.380049608255819573e-03,3.753468435683929294e-03,2.113469585875325102e-02,2.596423114353924380e-02,1.434879326819720434e-02,-5.296966099086510005e-04,-1.159796460448956831e-02,-1.878678963862596279e-02,-8.170606921406205203e-02,-9.170780263039305519e-03,2.454760223285865767e-03,1.693644315744441452e-03,2.157530946661832816e-02,3.764580986989372879e-02,7.489067127921231193e-03,-9.510930015309995364e-03,7.036418752295170616e-03,5.217556796109681580e-03,-1.895101152277373112e-04,-1.706812465209711291e-02,-3.548715196909554229e-03,2.823720790513679305e-03,2.401949989967702009e-03,-1.813629641473366721e-02,-2.690660254162091647e-02,1.275910597168221361e-02,4.162385389211645942e-02,-1.107571017683477632e-03,1.820925964154384733e-03,-6.427163197512500989e-04
-1.062596533416894492e-03,1.119709589122054317e-05,1.871177879045698338e-03,2.199324038124961310e-04,-6.683867041933103277e-03,1.379885951655844588e-03,7.160049310995815616e-04,1.133115648417041491e-03,1.685784582374758619e-04,-2.393782798513997660e-03,-7.213062288568493872e-03,-3.396932978151760620e-03,-6.793557915275739295e-03,3.157929877163186887e-05,7.366929883243729382e-03,2.149032688417398806e-02,2.877476861811616507e-02,3.600605902547874410e-02,3.093600773730734513e-02,1.518744674376564137e-02,-2.105752906962779156e-02,-3.483775314835466097e-02,-1.966395380101104012e-02,-1.023105870359036426e-02,-2.233950499665672725e-03,1.318297300287005376e-02,1.461975293296772366e-02,-4.535296241178209966e-04,-2.404374769662476034e-03,-7.498742155140212173e-04,7.767091410029655467e-03,-2.793430657874152140e-04,-5.499401943692547312e-02,-2.339307724656419785e-02,-1.184256038416840393e-02,-5.027777158541008647e-04,1.552935991765832212e-02,1.900735821077873672e-02,1.813448935131924122e-02,3.097849008150884657e-03,-1.727733101983866190e-02,-1.080844170037055171e-02,-2.121637169261889749e-02,-1.047924362549455812e-02,2.152946283222233409e-04,-9.908635792044690957e-03,2.482379436155433133e-02,5.658999161277025736e-02,4.348444327085129041e-02,5.254930128359327178e-03,5.319486357909955151e-03,-2.243621129382144651e-03,-1.552419774457710830e-03,-3.602693808691037549e-04,4.124704936428261193e-04,-2.873406711720366460e-04,-6.372773031188742540e-03,-5.868074536480791248e-03,1.354271784019490162e-03,2.154030919548501066e-02,-1.030781566517165139e-03,-2.859409466293406921e-02,-1.314995318768265049e-03,-8.134532178622387588e-03,-1.062596533416894492e-03
-7.157513844586563777e-03,-1.634868841384522903e-02,-1.202598816033202851e-03,1.228329408863888805e-02,1.006606537500197469e-02,6.930153232911211679e-03,1.103808198455211208e-03,-5.803921211740461616e-04,-2.031126584338886158e-03,2.763935764989347826e-03,3.050754654395506998e-04,-1.156473884662534250e-02,-1.079898087432179521e-02,-2.380687295546556233e-03,8.515756492829822284e-04,6.760541941247994596e-03,1.863019813916236625e-02,2.582904083147309626e-02,3.663049070614257663e-02,2.704173580286568183e-03,-8.618407465315917546e-03,-1.024348867492249834e-02,-2.149085951766061594e-03,1.323761783899724117e-03,1.034561136474252546e-02,2.379899370995205033e-03,-2.626197441526529133e-03,-3.529989591871232884e-03,-5.487784815379819978e-03,-8.616346537724864623e-04,1.462323253488743253e-04,1.398454995589038224e-03,-5.917298991127677849e-03,-3.055963410538973385e-02,-2.620057706576837606e-02,-1.656269821492659306e-04,1.821578839753701037e-02,1.544401922128039659e-02,1.552020431812302544e-02,-8.016522867397269346e-04,-6.984750187498716713e-03,-9.126936796492511259e-03,3.921053516723871889e-03,2.394679765459232709e-03,-7.478916863428796725e-03,-4.352674883463995489e-03,2.187035933170754926e-02,6.084036429336681095e-02,5.563174487817353076e-03,-2.204498410990614419e-03,-1.578569179981716098e-03,-9.740753118434888197e-03,-7.966056504436510796e-03,5.513896360968421938e-04,1.537140941036359342e-04,-1.602262682258082192e-03,-1.352041597136481761e-02,4.318623218429590120e-03,1.933688943176193817e-02,3.354167369782030950e-02,-1.878941687662949792e-02,-4.442030190811626505e-02,-6.225127194239783550e-03,-6.546266645687178441e-03,-7.157513844586563777e-03
-2.479977774037451371e-02,-1.377682166585046620e-03,-7.334356587648455713e-04,3.736438155009052381e-03,3.659942648966674900e-02,1.804888114284867659e-02,-7.535818457171065011e-05,-2.563640964919633187e-03,3.010786818656025973e-02,2.471212605842463064e-02,2.169756842014764885e-03,-8.256069230612452306e-03,-2.216365111258524964e-02,-2.499689774927689109e-02,-1.104319097893205655e-02,1.676797437077376081e-03,1.049484228455517358e-03,6.769568716995295714e-03,8.428291229269447909e-04,2.533633812941008868e-04,5.929197659563411466e-03,2.328241188219780898e-03,3.969196614553682605e-03,6.688358200496999145e-04,6.536606900344211005e-03,1.679567580403264595e-03,1.961205838218540737e-03,-1.589725160802994783e-03,-5.803255956634253802e-03,6.574583080577396481e-03,-1.515276630417949043e-03,-6.646465208918452688e-03,-9.954255822243371007e-03,-1.814388773679575378e-03,-3.514981200548127765e-02,-1.196252365829456000e-03,3.317342946828017586e-02,1.141974418541387773e-02,3.043424128740635642e-03,-1.038388119436007423e-03,6.202684568416349338e-04,5.611644489282022717e-03,-3.810036000578808637e-04,7.737017052881968449e-03,4.326133913667994796e-02,4.418992440865640581e-02,1.155570862418569769e-04,-9.462683353321316160e-03,3.644505139686229737e-03,-4.368224319050831306e-02,-2.832233501890785501e-02,-1.406663294523856009e-02,1.149457428021493028e-03,-2.011875433336266384e-03,-8.261934968999965628e-03,-2.265227364693112727e-02,-1.402523573737437038e-03,4.613110680263467211e-02,6.335049333127935889e-02,7.615539074661737892e-03,-1.145594218230359777e-02,-2.641247268369236942e-02,-1.422622658143228407e-02,-1.557685942255068560e-02,-2.479977774037451371e-02
3.734485670649976126e-05,-1.632506913486532658e-03,-5.736591527985557271e-03,2.968252374547963521e-02,4.866135441158655345e-02,2.224854440119293508e-03,2.723490495814320875e-03,2.467237880804649952e-02,8.435994067254249523e-03,2.931801621747575238e-03,-1.958506153867791387e-03,-2.985066603524777658e-03,-6.790804046958425757e-04,-1.533738146459395768e-02,-2.089733454422165737e-02,-1.038086128500305232e-02,-3.692411063860754836e-03,-4.099414173894344246e-03,-8.659456643440666471e-04,-1.182991159782394337e-02,1.710331931555283611e-02,2.052632212866570965e-02,1.572264226086029712e-02,1.541743103447746613e-03,-3.308941380826211850e-03,-6.572069275692128676e-04,7.167981750809171264e-03,3.879053158555639466e-03,-3.457068589982258133e-03,5.478249122413389460e-03,-1.218078744436675758e-03,-2.255237578277102199e-03,-5.332875524522212064e-03,-1.750915163731833236e-03,-6.497905882518192205e-03,-7.413844974618122481e-03,1.713620690561623583e-02,1.913284193621239693e-02,6.691955565261344975e-03,1.266160750717335373e-02,3.636082216049893803e-03,1.367414900313815860e-04,-1.040019672292587585e-03,3.982245412532867926e-04,2.108399601866727674e-02,2.881572651948335201e-02,3.137250863673713666e-04,-1.598346719379772169e-03,-8.346061260088402959e-04,-5.876712059901298413e-02,-5.069636589917503322e-02,-1.111211073237139169e-04,2.409750355541332052e-03,-7.648022414092891033e-03,-2.208454443341763360e-03,-2.691438356428579523e-02,-4.238017377709765721e-02,2.508448090117312845e-02,2.946764128270904035e-03,-3.918249825688213174e-04,-3.124747252400275795e-03,-3.698091538427566126e-03,6.098378167393107407e-04,-4.614067504122620726e-03,3.734485670649976126e-05
-3.959022312539280455e-03,-1.108239006362619211e-02,5.357372606349251193e-02,4.303222081038975827e-02,2.429038302754629643e-03,6.244941609256043566e-03,1.097962890271273438e-02,-4.879133896534256463e-03,2.775514970987862464e-04,4.280209458565151226e-03,-3.827995188105249528e-03,-1.253045762096204226e-02,1.533915901995585489e-03,-2.483360624097228752e-03,-1.302095992307827042e-02,-9.054279652479435211e-03,-6.105878212895917388e-03,-1.248965630301686162e-02,-7.331893734210878644e-03,-3.180290878663916479e-03,1.021805923645112933e-02,1.210857383619620177e-02,4.124356701073525651e-03,3.235712960886474518e-03,-1.919989957317501513e-03,4.644154602595752216e-04,-2.525064537011118340e-03,2.285017579160829890e-04,1.783888793841468742e-02,-2.385008538472984177e-03,2.087318415271156771e-03,1.040306710365791103e-03,-6.231980215723241599e-04,-1.466020787534792324e-04,9.455341512902644754e-03,6.170255033716108388e-03,-6.260170934662009912e-03,4.711649302656885710e-03,6.387143692279391438e-03,8.291692390586037284e-03,1.527995960746766292e-05,-1.959472570614988283e-03,1.973645091560606861e-04,2.983119010656525797e-03,-1.613174432750181869e-04,1.185268406000645341e-02,-5.057816040732655664e-03,-3.285951344671331209e-02,-5.467938115548479777e-02,-3.964027598630272264e-03,5.996659031610607031e-03,1.724958565920962569e-02,5.407134786896121035e-04,-3.228294003938082541e-03,3.002144364037254761e-04,1.535133723158131971e-02,-1.070547164879417012e-03,-6.212740828749253874e-02,-3.609196144428418462e-02,-1.634773122149402527e-02,9.343794964674887599e-03,8.527238842274763309e-03,-1.429233315255320786e-03,9.173503401638060870e-03,-3.959022312539280455e-03
1.762815710747083625e-03,3.895573554450684067e-02,1.016011854758809736e-02,4.964428285174030554e-04,3.287446723009251719e-03,5.025324101365738136e-03,-9.729923359590934850e-03,-1.535806085064388322e-02,-1.896709938417897451e-02,-3.220478457036404091e-02,-5.486045294987636906e-03,1.207491036934151690e-02,1.500675535018598794e-02,1.035121319268973716e-02,1.310976928322854290e-03,-2.405224458169432592e-03,-6.508254170589497165e-04,-4.921029948203628837e-03,-8.163098120247817488e-03,-2.105503192208083919e-04,-7.233930577652165211e-03,5.197788388621513503e-03,1.553390989876470972e-04,-2.565654395912331676e-03,3.902843026328106386e-03,3.824708301117680717e-03,1.834720409799914026e-03,6.613032988343008588e-03,1.147472510137841767e-02,-4.504979935638075798e-03,-1.198134534599339844e-03,9.294313996557989135e-03,2.675558155491728190e-03,3.390441068208871391e-04,1.376422171303634014e-02,8.793669155807332799e-03,-1.237191917921500644e-03,-7.912543967151601174e-03,4.052275430704929335e-03,4.831000219733705414e-03,2.179955067535957209e-03,-3.980923807029688663e-03,-1.212266927892819215e-02,-2.924730336522825291e-04,3.105163401752552427e-03,-2.421289698028787195e-03,-8.307698903497910681e-03,-2.785924172639550958e-02,-3.495635714344720590e-02,8.873844416368761173e-03,7.993961184502179976e-03,3.703850934319075777e-02,2.787752484279681572e-03,-1.069271538987516838e-03,2.357968961378354908e-04,1.618192821333254081e-02,2.600601121373484481e-02,-4.491647991657200800e-02,-4.685867638006584179e-02,-1.109328172725657438e-02,2.027133492602467904e-03,2.815069461634052070e-03,1.559176510691057810e-03,-4.292763476497665764e-03,1.762815710747083625e-03
4.614815950710692699e-02,2.499890086590347577e-03,-1.041959231269040231e-03,7.636964718735381966e-04,1.890910332643237594e-03,5.846950684435224272e-04,-2.516603636124077961e-02,-1.089140873217195188e-01,-5.341576432218523435e-02,-2.407897589055389698e-02,-1.260074368499495808e-04,1.244658621924861486e-02,7.435418955812143904e-03,1.437536418031325203e-02,1.254050198497758985e-02,3.152240208513982719e-03,-1.198619757721554416e-04,5.998768650332561706e-06,-3.036299461533803479e-03,-1.075412237479052985e-02,-6.872634026298214335e-03,-1.645204583477041099e-02,-3.479846758067651341e-02,9.824630643126103582e-03,1.788070965832810194e-02,1.141465819984080476e-02,9.070488372171062880e-03,2.781579740114145660e-02,8.966970658707799566e-03,-3.715776964330084163e-03,-3.128666123354283384e-03,2.083461921216824605e-03,1.170521521993383735e-03,-8.511823656061668925e-04,9.083382936601016450e-03,1.623983358571030530e-02,-1.158064322937280965e-03,1.051287795490108470e-04,6.416622454955050493e-03,5.927461963330996758e-03,4.750336025772747836e-04,-1.620692021456662368e-03,-1.041542552722579326e-02,-1.798006614506705847e-02,-3.930812965053301702e-03,1.836678422312038484e-04,-3.351949354763371792e-03,-7.251415745255868940e-03,-3.344006490575238046e-03,-2.303637726858073168e-03,2.031092056995283460e-02,2.679450169518636429e-03,4.310864282251710040e-03,4.813879181831690404e-04,1.762596792635792119e-06,2.688161063762613788e-03,3.059816598081153537e-03,1.480333986329797260e-03,-2.558557917168898920e-03,-3.227010725938170787e-04,-1.224467496121352684e-03,-3.938857934927315722e-03,-7.647594671434851041e-03,3.553106681370509379e-03,4.614815950710692699e-02
5.100158523425878110e-02,-6.210958574646440605e-03,-3.070781545565574866e-02,-1.421030015810203877e-02,1.280463453204779608e-03,1.693816762054193084e-02,-7.831558481114653941e-03,-8.583498442169192055e-02,-3.072155129169401935e-02,-3.018942564398562414e-02,-4.891115642313255234e-03,-1.685131799442718707e-03,3.744049690897112252e-03,1.325503695023935724e-02,1.025217724968177126e-02,4.045762300174759671e-03,2.460985903034334111e-03,8.488359047381311339e-04,-6.388506396616392465e-04,-8.198841440553793214e-03,-2.135290321486280410e-02,-3.009679271513656523e-02,-6.142534200447730304e-03,-2.075935754156597954e-03,3.769155905486012287e-03,2.694834646015535021e-03,7.401449009770218537e-03,4.308453463384539356e-02,3.374718996166302387e-02,-1.639534752076389837e-02,-7.406733631991916679e-03,-4.577016020191383879e-03,1.038147404080167879e-03,3.045529713673642263e-03,1.784807797466422472e-02,1.074502147474547253e-02,4.312189455291498530e-04,1.220031557501422736e-06,1.270636869231840139e-02,6.437901386675495439e-04,-2.277053372256370497e-03,2.366113138017386999e-03,1.656266956891825097e-03,-1.260503210213925404e-02,-4.230767211156007124e-02,-1.092512863147082972e-02,-1.494297238772828232e-03,3.086956578350931457e-04,-6.270765876731440244e-03,1.457698356705951215e-02,7.014032292580677473e-03,-7.361143434383537500e-03,1.049769148731320018e-02,3.015744869990875932e-02,-1.275542935213796981e-03,9.481381226022910121e-04,7.706362724130876919e-05,2.212939604702365305e-04,-2.250185705813612016e-03,1.475983232084175168e-03,-1.339020967596206728e-03,1.791414003368378834e-04,-1.405861894971907351e-03,3.218205774595707391e-02,5.100158523425878110e-02
-7.962693617540247959e-03,-3.207363139446456953e-03,-8.997433891495057456e-03,-1.441629640291690849e-02,-1.275265284743068959e-02,6.636183227011776707e-04,-2.294213430572744801e-03,5.106853210816055325e-03,-1.437216722977796568e-02,-1.766537926161141844e-02,-5.071772497107333855e-02,-1.799022165758583890e-03,6.552434992971292206e-03,1.312857317507103855e-02,1.106713274381686263e-02,7.525739973654506886e-03,3.934510658195822068e-03,2.459875647041616072e-04,3.662347704773990728e-03,-5.850402689504214347e-03,-1.956155350717424940e-02,7.750365713032461579e-03,8.304371389316009613e-03,-1.372983436464633722e-02,-6.967293462966871187e-02,-2.705038703853527432e-03,1.237668812403674816e-02,2.283946045975600650e-02,3.881586653921464264e-02,2.131864647600483897e-03,-1.061958479870191499e-02,-4.783686662985876803e-03,-1.197114432389152251e-02,-4.216011723493359384e-03,3.262353984353647679e-02,1.122102133605053578e-02,2.385689035729393701e-03,2.034813747494874491e-03,-1.023611328834744295e-02,-5.958406808857980887e-04,1.115469415986848709e-03,9.954603900225132956e-04,1.345659844797815127e-02,9.251168425837648715e-03,-1.146443590451736577e-02,-2.741003568349692845e-02,-1.088791835055591059e-03,-2.669408305038668220e-03,1.904099980411710913e-02,8.741438363208311330e-03,-1.993526800161835467e-03,2.454429805054382258e-03,6.822079418089432856e-03,2.143827722042939907e-02,1.126531340281204316e-03,-2.646355943314440424e-03,-7.025388807524164756e-05,-8.070138667160792895e-03,-2.628803108684186953e-03,-1.247545235721740111e-04,7.129829947110974571e-03,1.110439873982152015e-03,1.420704794896054945e-02,-1.079086702317964136e-02,-7.962693617540247959e-03
-1.428796507064876153e-01,-1.437737674387429797e-02,5.378812736619928425e-03,3.178408257932002659e-04,-1.181400677040127592e-02,-6.128513696978954428e-02,-3.511815778534730335e-03,5.206632121538510433e-02,2.366672756664884789e-02,-1.280378030960704037e-02,-1.587861525866101492e-02,-1.705096953925189403e-03,1.160498563578306851e-02,6.584803318680977624e-03,4.376762427549711100e-03,-3.143946855913675982e-04,6.793383576621093815e-03,1.164030816036849998e-02,7.546867505067733801e-03,2.139046744373414820e-03,-7.276295232268719347e-03,-1.753556193086673251e-03,-5.663750990844273331e-04,3.391817769754680448e-04,-1.409439184882608706e-02,-2.617174321127718403e-02,-8.289880901668054579e-04,-2.423051119289087139e-03,5.164601288221533013e-04,2.810495026769644494e-02,1.021708870698125396e-02,4.917016062654708643e-04,-8.109955589739552620e-03,-5.026094860521172812e-04,5.810094036964219902e-03,1.656782048550839870e-03,-4.077202906124993004e-03,9.011527398628964335e-04,-5.099045447594450185e-03,1.888358191796757162e-04,5.339194638410134450e-04,-4.391044257414852651e-03,-1.048145648141414130e-03,1.346219748723595684e-02,1.617745139678532576e-02,-5.867881636667832308e-03,-2.123309372588241383e-03,1.142344528487897887e-02,3.616322578183962799e-02,1.697774721751852886e-02,9.031442965607613602e-03,-6.327244726430762863e-03,-2.296788501633650545e-02,-6.067376853163435058e-03,1.465340051686622388e-02,-4.568234899197237513e-03,-3.252044146270238485e-03,8.219746330315516039e-04,6.506859755613548547e-03,-4.867373833563357153e-04,3.749911680078603544e-03,2.684610383165572222e-03,1.013139645626211054e-03,-9.251445713011136746e-03,-1.428796507064876153e-01
-1.788860192556286297e-02,-2.469836769488168229e-02,-2.526187634014971303e-02,-1.243591690794862946e-02,-1.152680163167985050e-02,-1.374180023224251534e-02,1.426863152169801719e-03,6.499106109515591367e-02,7.651336294757708593e-03,1.254231382146295910e-03,2.400668745848577243e-03,6.353282513028338208e-05,7.516783310898558605e-03,-3.535274960824404448e-04,1.803554539332691536e-03,-1.004161945017680198e-02,1.008930505492404775e-04,8.903093220602814606e-03,9.655926459463943026e-03,2.272105845265370502e-02,-2.490639336188382475e-03,-6.862879507247170163e-03,-1.924547602217341943e-03,1.350639692655362066e-02,4.864967468012570094e-03,-1.700192906818076555e-02,-5.907130993373088668e-02,-4.254142939553674091e-02,-1.774671407675049162e-02,3.480584190789007965e-02,5.655271007504171499e-02,4.045241331326814710e-02,5.035057622034492392e-02,4.505315367096335288e-03,-2.441782539259692436e-02,-4.172815179081965781e-02,-1.477547412838956659e-02,-2.258123272553396593e-02,-7.243782053337931119e-03,-1.259355129745148849e-02,8.691736785156220458e-04,1.458297637305803682e-02,1.444723624119499499e-02,4.751154213447881277e-04,2.010024268616716903e-02,1.650285799226752434e-02,1.179503826984227340e-03,1.182544482963309752e-02,2.809222331125603607e-03,3.058039793322549216e-02,1.331354098795521461e-02,-2.503147769961534038e-03,-1.006245809887384296e-02,-2.386910871152722255e-02,-8.612127235236072612e-03,5.070533002267403611e-03,-9.807111932833504752e-04,3.668186789553587370e-03,2.352805245580565432e-02,1.084467427445252354e-02,1.360768857538993204e-03,3.618058542269234241e-03,-6.359847558389314023e-03,-2.783986661667827919e-02,-1.788860192556286297e-02
4.610643855678694231e-04,8.262615644519704164e-03,-5.613783217332683761e-03,-1.323551100609444801e-02,-2.525836098558417340e-04,-3.613348353829932101e-03,2.763676772096639034e-02,1.194228446121765701e-02,2.120881840626664874e-03,3.098644918914444935e-02,3.149251913124482410e-02,1.229930699885063358e-02,-5.532064291767703479e-03,-3.884162930368043488e-03,-1.032000117007549067e-02,-4.486342974367007043e-04,-5.320947460429902888e-03,-6.819653984974632412e-03,5.987077948190995058e-04,1.324473337961317061e-02,-7.525990540144307950e-04,-2.417701142615840543e-03,-1.234095046664472790e-02,8.027478016207241496e-03,2.902076145300357818e-02,-5.031876048774051868e-03,-4.823923356014968994e-02,-4.593978165904492872e-02,-2.258330954799554757e-03,1.144892521663980547e-02,3.347573655030845058e-02,7.391826269001343375e-02,1.634253807303607531e-01,2.196649140521923435e-02,-5.423295046859510221e-02,-9.429545449099874244e-02,-4.771929790289111684e-02,-2.205696728696733555e-02,-2.352137111612963988e-02,-1.697430437321251553e-02,-1.038254950644445194e-02,-8.839283600155272346e-04,1.193693350361523312e-02,1.804468456369078336e-02,1.465562006733237346e-02,2.857528210217407175e-02,1.035045835508429692e-02,-3.790963993678315904e-03,3.836015904490065222e-03,1.889859543022375313e-02,4.771576426709582541e-02,-2.426659154735416168e-03,-5.621173529138887709e-02,2.392128066675583333e-03,-6.240074291702101678e-03,-1.684796864126563570e-02,4.715906326797152451e-03,1.752203621471300936e-04,-9.200417157486019681e-03,1.088631317139071748e-02,5.450039596500070964e-03,-1.723708590857540857e-02,-2.707070096973288736e-02,-3.369803526758966689e-02,4.610643855678694231e-04
# New slice
