-1.176271890645852025e+01,-9.745132339518548292e+01,8.223067641724449572e+01,-1.924024635657694660e+01,2.665764681657167401e+00,5.737373223564926406e+00,3.933673322115325277e+00,1.907479890241398834e+01,-6.019354358816302408e+01,-1.443943999110443599e+01,1.574522291297537890e+02,-9.432480840222106622e+01,-4.364818764768413928e+01,-4.748927390270873516e+00,-4.228517632829888839e+01,8.562107537608241614e+01,9.737144568502884567e-01,4.366007927083870754e+00,3.816973652739420686e+01,-5.437515553466410978e+01,2.351070850760197573e+01,-2.453581433701144832e+01,-4.848856706512134451e+01,5.744059879599808482e+01,-1.306573683303573219e+01,3.028635053198719618e+01,-6.425738395997782959e+01,-2.521884260013511536e+01,7.617218006153386511e+01,2.384364376604547431e+01,1.945025237887206515e+01,4.783723220219082606e+01,-1.569518604231858490e+02,2.463403367170376157e+01,8.479897371167290032e+01,-1.414802295102010987e+01,-2.842527110924581280e+01,-4.546572280567337998e+01,7.759891255703188051e+01,-3.494182604737827091e+01,-9.522992260580022617e+01,7.017116226747162955e+00,1.107478449072422393e+02,2.903935548416884416e+01,-5.693397802458058266e+01,5.101043700306032491e+00,5.013499882464514279e+00,-6.371707504626056107e+01,-3.538515727755936524e+01,2.823624914621653659e+01,6.352608684984416954e+01,1.017314437312540321e+02,3.241728579092913520e+01,-1.206122714091577279e+02,-8.963925473144928446e+01,2.501319514572722369e+01,6.819462987251108643e+01,8.131169441749685234e+01,-1.566101408295611463e+02,6.119988264389917276e+00,1.779615155580260577e+01,5.022920397523108704e+00,3.822457871959998954e+01,2.578535535575932514e+01,-1.176271890645852025e+01
3.558594663132503655e+01,-1.145603157430153232e+02,-3.198010256150681130e+01,4.821585357043733211e+01,7.906774119702505743e+01,-1.395637475264364582e+02,2.696967415097659426e+01,1.118068982607529875e+02,-4.850887439794233558e+01,-1.200553700303883460e+02,1.044955674687026459e+02,4.277902011806362026e+01,-2.126555081396395863e+01,-1.051587192144193779e+02,4.834021764541995481e+01,-1.099863014250801996e+01,8.607182025911546930e+01,3.096912271331700239e+01,2.682679752479000967e+01,-1.309497809489195106e+02,-3.202896494815794171e+01,1.190510929855872746e+02,-5.659906346732345384e+01,-1.804314548441069377e+01,4.750857504179837321e+01,-5.219023632804623958e+01,-1.190664552468693671e+01,7.300449653434350239e+01,-3.112625446731153289e+01,3.525361402023520441e+00,7.345407675058874020e+01,-1.103768139320729063e+02,-6.753940518976455110e+01,1.220813009984979232e+02,7.100980827185057365e+01,-6.935975462524019974e+01,-7.728880568192298028e+01,9.497598575905259111e+01,2.232887137258110499e+01,-5.907311612162311576e+01,-8.150825604578437833e+01,-2.826653598543372681e+01,1.972088719680961049e+02,-2.138449502598275842e+01,-4.242470540524749367e+01,-4.782252543578221804e+01,-1.563374796687163126e+01,-4.361570304085335437e+01,-2.036789166965933262e+01,1.261488906536962276e+02,1.451393167555497854e+01,4.252936224051000380e+01,-5.021584405135744333e+01,4.990634923222330599e+01,-1.672373380329941028e+02,7.859131334445521588e+00,4.543477576638490234e+01,5.401345711407260097e+01,3.298555625455030338e+00,1.905673227988410190e+01,-1.035882556193579234e+02,1.197072938830844038e+02,-2.289552550581177570e+01,5.788540505140266745e+00,3.558594663132503655e+01
6.062109231101936757e+01,-1.287329277540056012e+02,-1.279649684331593846e+02,1.076514260804216718e+02,8.105691166665297942e+01,-6.819450504792256140e+01,-3.694757468485670415e+01,4.359966739108162415e+01,4.002247122011853264e+01,-6.660254919080222180e+01,-1.010049092912812796e+02,1.158412279841694073e+02,1.214963136340948324e+02,-1.248156125298115882e+02,-7.230933721337878239e+01,1.154216014265977606e+02,1.174279171784407083e+01,-3.759243111007783966e+00,-3.757136108544555952e+01,5.783679672612547051e+01,-8.967638735849570253e+01,-6.826129328703839860e+01,1.829097078148247419e+02,-4.405507856222205021e+01,9.396511206031309626e+00,-8.967444889800401597e+01,2.414988935815976845e+00,7.825052456253399669e+01,-1.721085868001064156e+01,-3.982410066202881893e+01,-9.230496047152257688e+00,-2.022993611487745369e+00,-8.868790817794334203e-01,1.211374813786002846e+02,-6.299169746899671907e+01,-1.048633091893806295e+02,1.066879303806609158e+02,1.375988313256328865e+00,3.357503122306702892e+00,1.647590802136106447e+01,-7.080837067751329528e+01,7.493817291579996720e+01,-3.962077295533123333e+01,-4.716173932478365316e+01,4.163342745587255678e+01,-1.179345409306291543e+02,2.336303172774609038e+01,1.765887866553676986e+02,3.743264100248390847e+00,-2.381667792081737645e+01,-3.027835011900449658e+01,-1.442671102341926428e+02,-8.047750048790781818e+00,1.588120059737832150e+02,2.913205792298028030e+01,-1.797621728139846198e+02,-3.022174886887553313e+01,1.304290217086960411e+02,1.123799127904178476e+02,-3.245307351839004184e+01,-3.733099975479941435e+01,-4.501096434448114536e+01,-5.785545423776338936e+01,1.328537317931956068e+02,6.062109231101936757e+01
1.874570462601124987e+01,-7.067489507818123684e+01,6.523558340404015610e+00,1.149728157733952543e+02,-1.006041095917156980e+02,1.397591627810078307e+01,-8.243295119655469350e+00,-6.987780925580862856e+01,6.442173367844513621e+01,8.542792479067956890e+01,-1.032428640129473791e+02,-4.393614448922991755e+01,5.904609552015126894e+01,1.142184331824954171e+02,-1.468565916937802172e+02,1.392101373978553269e+01,5.809818918314638836e+01,-5.949349619923950172e+01,-2.000432608252926769e+01,8.897955689820473424e+01,7.691308930837635671e+01,-1.513988775998040808e+02,-4.886679575591872293e+01,1.092554849981814726e+02,4.500273107239959103e+00,-3.223133304098271879e+01,-7.203654401029137944e+01,5.822769487262689836e+01,1.999070144444382890e+01,3.094732421397311128e+01,2.695821871062143771e+00,-4.513244290580320950e+01,-3.430273861782158207e+00,-3.654364055668796141e+01,2.561807680763993034e+01,4.123655870152622072e+01,-4.736564752906433284e+01,-4.247082255305315357e+00,-3.024145699556219569e+01,8.785301697822953315e+01,1.047012180088974560e+02,-7.857288935226482351e+01,-1.436303242829186786e+02,3.933561689115949633e+01,7.128815943521962595e+01,-2.193962090283815058e+01,-6.920171460945130804e+00,4.088793858548675075e+01,6.938061759197920253e+01,-6.202982475834041054e+00,-7.465827547482606974e+01,-1.733563648895943743e+02,5.705465452988808295e+01,7.719121032477633548e+01,9.083497582408234905e+01,-1.007743553620093024e+01,-1.337425163703149451e+02,-4.373995718982705938e+01,1.741575220908414110e+02,1.376326953614896276e+01,-1.906116113776257848e+01,-1.761717449456689337e+02,5.493396201218578767e+01,9.340294090850085240e+01,1.874570462601124987e+01
-1.448271744449925507e+02,7.962241570366838062e+01,8.578546568752160795e+01,-7.324193833243828067e+01,3.063780111417339214e+01,5.184760076847042853e+01,-8.931621436215401388e+01,-3.831782622556168860e+01,7.056329024909408076e+01,1.267216026520144823e+01,2.254069592087113705e+01,-2.123188635635885646e+01,-6.067174127588518218e+01,1.106397261381363961e+01,7.659079635971237110e+01,-8.313630778652247955e+01,-1.345169829257100602e+01,4.942201776091621923e+00,-2.403800063752262872e+01,1.413900906375941418e+02,-6.603250903219043266e+01,4.009920851463069624e+01,-6.279480280876291687e+01,-1.116273499220963998e+02,8.794778892975047313e+01,1.353771557365420009e+01,-1.795799604523414672e+01,1.289606767402700882e+01,1.003552561818332265e+02,-1.408113317126532706e+02,1.031870344294590325e+02,4.028007547142949107e+01,-1.373009859082346793e+02,-5.591666337872729287e+01,8.809250368884079307e+01,1.334217833290979911e+02,-4.398988516052263975e+01,-1.335906136258808488e+02,-2.465760101962446527e+01,6.822110929542296276e+01,8.150127095667238564e+01,-6.696827771285629183e+01,-5.491156745443348086e+01,-5.205135356794226453e+00,1.212634049243997652e+02,1.593463945305168181e+02,-1.328623418282552393e+02,-1.765381281372996796e+02,9.360150582751607828e+00,1.260473102058620327e+02,5.633109336682828427e+00,-1.036726708229372633e+02,2.179825643263187374e+01,4.253219048714876749e+01,2.939475451997554956e+01,3.695020116568638713e+01,-5.224289928878935996e+01,-5.179809995784887633e+01,-8.008694785927403359e+01,1.550386031450222504e+02,-2.803281396217992238e+01,-1.017569301412584650e+02,9.852360006625657718e+01,3.390405831189557517e+01,-1.448271744449925507e+02
1.567226279839873904e+01,-2.121249087666443245e+01,-4.422441979874938056e+01,-7.698309578097484973e+01,1.187528681124478993e+02,1.128396711756764148e+02,-8.609454768265423752e+01,-4.770058330752002007e+01,5.860732089255331090e+01,-1.355506107363999604e+02,1.196864901860587054e+02,1.809566081513060709e+01,-2.937955047358622096e+01,-8.279511482498648434e+01,2.979009293924697843e+01,1.113317971409491491e+02,-6.626364584292082327e+01,-1.353814140340379595e+02,1.103341560047739165e+02,-3.468906193287548234e+00,1.851724085633522066e+01,5.984001107209138581e+01,-4.627433426681339768e+01,-5.418796866558541581e+01,-5.110099139416315239e+01,9.292030024225717000e+01,-4.703276931497341451e+01,1.810125317558355817e+01,4.334270523388411078e+01,4.097941539204505546e+01,-1.379130380457015974e+02,1.595429339734371865e+02,-7.467303335855137902e+01,-9.140782049613603988e+01,1.016190067052782098e+02,1.450025402098685845e+01,4.788557203729862266e+01,-8.608252974088790666e+01,-9.633888967518601021e+01,6.789444876251515382e+01,8.472033698028160131e+01,-5.222667644087149341e+01,-6.454916730781930312e+01,3.637100236950625742e+01,5.896289561894810305e+01,5.268504486714545010e+01,-5.206540252361153875e+01,-6.456997554328511058e+01,-5.283948465505500280e+01,7.097711852053473081e+01,4.271688526261187491e+01,5.916371699310730747e+01,-1.496082874884962166e+01,-2.062042467338812344e+02,1.640314614211543756e+02,5.900992200127935661e+01,-9.057953867169266005e+01,-1.775147378611030291e+01,-3.960763466247080800e+01,6.043435603347362672e+01,-8.148690732429145100e+00,-2.460876166780789731e+01,-1.259332789404398056e+01,6.544476227271744051e+01,1.567226279839873904e+01
5.547422958571296192e+01,4.966751080302334742e+01,-6.481761237475932091e+01,-1.305267831482069241e+01,3.289073567724291536e+01,4.626808000773116447e+01,-6.325352495271947362e+01,3.272636244574940179e+01,-1.268514108609961113e+02,8.516105819515829012e+01,3.953416671482230527e-01,1.582544654932474515e+01,2.584220900720720593e+01,2.530158222219941777e+01,-1.610465857970670811e+01,4.068742190449991369e+01,-1.233739846704969239e+02,-1.832537389056333765e+01,1.102921944730039172e+01,5.099666425686686466e+01,-1.915251937035883145e+01,5.151305693787799456e+00,1.055534809844024267e+02,1.957406629098360540e+01,-1.177279915442272795e+02,-2.686515255008217196e+01,4.578126527709618188e+01,-8.075646804137016943e+01,1.543922982315577741e+01,1.259934990397019163e+02,-6.879555593300906935e+00,-1.313963444871719730e+02,1.715230093672712428e+02,-3.135574567369269516e+01,-6.736029712387031054e+01,3.969271229066393403e+00,-1.354642585676150368e+01,-5.036005603080951687e+01,1.758548256619353722e+01,-2.836981916707457252e+00,8.764438033992746568e+01,3.432818983801325885e+00,-1.801377979435819299e+01,-2.658856839050497811e+01,-4.378713213054782472e+01,-5.296910568890577764e+01,7.104188250848778807e+01,5.015842964474781240e+01,6.701627854539391649e+01,-3.815417996660318067e+01,-7.396035100752398250e+01,5.042885936420746873e+01,-4.402847107330049425e+01,-6.365454286550907881e+01,1.639111406167622675e+01,6.133449464108660010e+01,3.387124385833982387e+01,-4.300466632757537866e+01,1.164381982687235109e+02,-1.302327004449717549e+02,-1.598606282831375580e+01,7.853495345024340679e+01,-5.907352322403800571e+01,-3.565926013289135454e+01,5.547422958571296192e+01
3.378834453833228224e+01,4.046438214480568263e+01,6.774895839064048175e+01,3.098994689110637779e+01,-5.604781061560355937e+01,-1.063337222182064750e+02,7.760713629013119430e+01,-3.945236245412053222e+01,-9.935214973540635697e+01,1.281996593165659988e+02,7.281298349412240611e+01,-2.599689352570579004e+01,-7.211174500643042506e+01,1.264506615509730949e+02,-8.530396016420593241e+01,-7.027162214829455422e+01,2.714517558961438937e+01,1.297570572972482523e+02,-9.907505015629692480e+01,-9.169982169117548665e+01,1.695123593753342846e+02,-1.342768615471642590e+02,1.529155258571495892e+02,7.685368595120049662e+00,-8.530753237078569384e+01,-4.866501063724723508e+01,1.069474462034270061e+02,-1.121412103020576154e+02,-5.544473572301851760e+01,8.363129467077163781e+01,1.132890795635056804e+02,-9.642027938124938657e+01,2.950465773230606814e+01,4.911166467560223481e+01,-3.916658755927554836e+01,-1.043692958444154755e+02,-9.419672968580843531e+01,1.758354818005168170e+02,8.015564432218573288e+00,-4.224440114672336222e+01,-6.060287645163064241e+01,7.532006380130971479e+01,1.164097560078515414e+02,-2.425850151026558876e+01,-1.273892880890412869e+02,-7.931811497284454049e+01,3.773369832624693032e+01,1.728623938693765467e+02,-4.490833471656310394e+01,-1.096239484423868475e+02,2.593500517311851894e+01,8.588132004392375052e+01,-5.206765388937167671e+00,-8.584296930595684216e+00,-1.032122287110617549e+02,-5.250034296907102060e+01,1.161567462322995112e+02,9.078139616045250193e+01,-8.946751999341309158e+01,3.791782108893831094e+01,2.235230887917438736e-02,1.781439866463210109e+01,-3.875147514769925294e+01,-1.065462248498192253e+02,3.378834453833228224e+01
-3.104481788787027696e+01,1.750117012061571131e+01,1.223595256023947826e+02,9.372903754818175059e+00,-1.575120935154275230e+02,-3.500749967530083495e+01,1.512511832152249553e+02,-5.925810782407452137e+01,-6.205289254112854280e+01,1.033755973100193444e+02,3.034315623763740533e+01,-5.133724423622230404e+01,-6.734374981368979718e+01,3.072875214108910313e+01,8.096459589448460292e+01,-1.677175305708184396e+02,1.446522050094821736e+02,5.721029294586372060e+01,-3.154518298245807273e+01,-1.876311404768662214e+02,1.240564193724690654e+02,-5.210461946083987783e+01,-1.254806974271337481e+02,1.799451296699012630e+02,8.767577663733959525e+01,5.772929967324597555e+01,-5.422558918556519814e+01,-6.864672049851876068e+00,-1.778387992222192224e+02,1.997033298981125427e+01,5.981198897485577248e+01,5.115104819855754670e+01,-6.498630894950508718e+01,1.004859495971414560e+02,-8.186111864928970761e+01,-1.370962749775318343e+02,1.332295693009104696e+02,5.162737277601856078e+01,7.720137774961028754e+01,-1.073724660959830715e+02,-1.318544642985947917e+02,5.333356903373852731e+01,1.366984196606293551e+02,2.267298523774538666e+01,-9.395914246051373198e+01,-5.571695294112884511e+01,4.012090688999002452e+01,-2.841886360306030213e+01,-5.833608466205316745e+01,6.059286378239773541e+01,9.297854545886231392e+01,5.852270470225560928e+01,-1.709879717317315340e+01,-5.078076266034463515e+01,-1.825220481709902742e+01,-2.834903247980204100e+01,-6.500725923535583206e+01,6.280544521331970387e+00,4.642652718344197638e+01,6.845403838633686178e+01,-4.924095858461500086e+01,6.252021977467081371e+01,-4.013003578164090612e+01,-4.381960756373420907e+01,-3.104481788787027696e+01
7.257696482399933302e+01,2.062744876251973380e+01,1.352613736682327783e+01,-1.416625633164815952e+02,-4.307023024847704562e+01,1.177546516537068158e+02,3.832779722564663416e+01,-1.861554775488002633e+01,7.845167194656374932e+01,-4.996273999524331799e+01,-3.631305561654149017e+01,-5.526992541785856616e+01,-3.563570456797137354e+01,1.058572650882986466e+01,8.153427301269105953e+01,1.254922187217002971e+01,3.587865966502317150e-01,4.821953342923423236e+01,-3.592126216048168885e+01,-9.988565937126995209e+01,-2.608623558200646642e+01,1.215732772366379351e+02,-8.074631781115191131e+01,1.366920112580257296e+01,5.481331034214042575e+01,7.280140805625599398e+00,2.986915946954603029e+01,5.541185911296908273e+01,-1.031176608974519837e+02,-1.284890040869582606e+02,4.914799799558226567e+01,3.505919398245549701e+01,2.735775094064637614e+01,-9.498327885768148349e+00,-1.068774051215464453e+02,1.505711322287899634e+02,-6.624244563297961008e+01,1.279947304184986194e+02,5.596043600279874397e+01,-8.308708318490781153e+01,-1.248210190614139208e+02,-4.620773061179248486e+01,7.699761080675290259e+01,3.294988637491718464e+01,-9.419635536415405852e+00,3.012580654427648597e+01,8.432362170007877467e+00,-6.585221199158107197e+01,2.401681422599986249e+01,1.141531762297419306e+01,4.761888712135200485e+00,2.040180335331293549e+01,-4.400160681690748277e+01,-4.225863908922104883e+01,8.948878191385873038e+01,1.044783580509238732e+02,-7.758069200894135520e+01,-9.717605544561116915e+01,-5.954130853156414105e+00,-9.277513277359005883e+00,5.325898749865843484e+01,-1.393107774494415807e+01,3.690667086494142524e+01,-5.949320990976805490e+01,7.257696482399933302e+01
1.229223613913398623e+02,-8.420217084134698382e+01,-1.022715160397639238e+02,-2.338366365386157852e+01,1.268154982807898818e+02,3.648745904955424635e+01,-7.590145497186891532e+01,-3.836342838992521109e+01,8.152598265857002957e+01,1.034255106396820878e+01,-1.393997051969180667e+01,-1.570497159481323877e+02,2.505153715379147883e+01,1.292207086402976870e+02,-9.739038104093182824e+01,5.876283059715521517e+01,2.090088349734897832e+01,7.437979310423082779e+01,-3.825451366418872112e+01,-6.894621852620626612e+01,-1.751321082990132822e+02,2.883009984219451098e+02,7.575718829937872556e+01,-1.784049136236844788e+02,-5.787965971644585750e+01,-4.285935304774355359e+01,1.404518293253600518e+02,4.594866417311106943e+01,-8.969475412081553145e+01,-6.016095577994178001e+01,4.798824006130386977e+01,-3.647273310353597253e+01,-1.922566759438711159e+01,1.718717795633222067e+01,9.930623229816946207e+01,-4.328982575337299465e+01,-2.689199228954457510e+00,6.131300648657355623e+01,4.012152778662218822e+01,-9.517444948942201677e+01,2.696344065882775709e+01,-5.222183692353621609e+01,-1.054374484156297456e+02,1.202163123237207714e+02,3.726318424851342570e+00,4.557578109316916226e+01,7.109189679697355047e+00,-3.696622167227953071e+01,7.020252943964564452e+01,-3.573925059384293945e+01,-3.872441017668860042e+01,-5.936535084503223203e+01,-2.811477356224338919e+00,1.038249508483916728e+01,-6.256366663149027119e+01,8.074265888433934890e+01,1.749455460683504384e+02,-3.806323366049737444e+01,-1.110020948983710127e+02,-1.085106032273289145e+01,-6.467966821684430556e+01,1.123655350841624312e+01,-6.190314132737384512e+00,7.141739178744158778e+01,1.229223613913398623e+02
-3.476467000317817480e+01,-1.185649250100214829e+02,-7.290467249746253486e+00,1.528713787110145574e+02,7.612650616617894173e+01,-1.184599204170432216e+02,-2.675866609558365994e+01,3.164470538620942364e+01,-6.237093729251723317e+01,5.422997689049920211e+01,-9.823783200357709688e+01,-2.380861949351688978e+01,2.175708726348092341e+02,-9.089990868434688309e+01,4.836390822676008838e+01,-6.004391649676857412e+01,-9.996472532973250225e+00,-2.693860469698542204e+00,1.616944369582696339e+01,3.106515501244402344e-01,-9.847305576212747269e+01,1.442867739871757919e+02,2.292031136483527121e+01,-1.031338762061123191e+02,-3.975220374101829890e+01,6.325841857093777776e+00,7.901275422484647493e+01,-6.823038125834990808e+01,-2.339660821467887075e+01,8.055609834163696803e+01,-2.763100745920350931e+01,1.071506042665079264e+02,-6.902363473991485421e+01,-1.155905106000560494e+02,8.572321686375887850e+01,1.017910865547785164e+02,-3.051743378749805302e+01,-1.085055771288897688e+02,1.162708718662903351e+01,5.146223598639915053e+01,1.460466054241507550e+01,-1.026609749233024260e+01,-1.100555768163299604e+02,4.639047345444744508e+00,1.702760240767024698e+02,-1.360044475137704865e+02,2.155242062784449431e+01,1.186764239952690900e+02,7.004604720778271343e-01,-2.556117948810535268e+01,-8.989955243839922616e+01,-2.681411652521430256e+01,2.458430260028702463e+01,5.958888390231733467e+01,-7.015709575037475076e+01,-2.588197647434470738e+01,2.214590943689763236e+01,1.224284300536399996e+02,-8.685125309328199705e+01,-7.605566410429003099e+01,1.440918083040081115e+02,-8.524305317202100696e+01,-7.029321944347486806e+01,1.597958917067688276e+02,-3.476467000317817480e+01
-9.137503867320342010e+01,1.128348976358217470e+01,5.376401321506615716e+01,1.245527118027525830e+02,-6.454453770315504357e+01,-6.496684207692774748e+01,2.740261196656368980e+01,3.283984393958919412e+01,-5.432157466092903775e+01,-4.441361163341036900e+01,-2.612275168501121314e+01,1.586331375219798190e+02,-8.526949944940053427e+00,-7.825135839511341374e+01,2.007595654471856506e+01,5.434103903993427309e+01,-1.109691846670406790e+01,-1.008118354039996518e+02,4.288035257300690262e+01,-3.156238716444993742e+01,6.676854725663210388e+01,-4.992382885773807288e+01,-4.219590274759357129e+01,1.342394879844437696e+02,-9.735095024123924645e+01,1.530819256667258799e+01,2.115136808330184692e+01,-1.082520947317792945e+02,7.602985597750276270e+01,2.953944837601149942e+01,-6.047140229760170627e+01,1.488436223223954755e+02,1.067000230303210913e+02,-1.665067177949135839e+02,-1.026552712820367219e+02,7.941127379616665394e+01,8.722998388244192824e+00,-7.671241970249624842e+01,-4.684528857782261468e+01,1.304748545710437213e+02,5.086369880246743946e+01,-6.363383235823759065e+01,-1.633813987364989018e+01,-6.644153916796486214e+01,9.605775139470947011e+01,-1.405364317059239454e+02,6.624387908818822268e+01,1.634619471098269514e+02,-1.141454919882710470e+02,8.693993447838797906e+00,1.612661943736166137e+01,-2.592401535305161175e+01,1.103302949129284372e+01,3.527213775047039945e+01,8.524460392504758843e+00,-1.079215251086143041e+02,5.159985003956275307e+01,-9.607298651087359076e+01,6.561327451786729625e+01,1.065649423855578561e+02,-5.776485794020658204e+01,-1.277073495428522421e+01,4.196785883052513100e+00,1.242038541513640126e+00,-9.137503867320342010e+01
-2.656017872387051071e+01,1.346547113134183178e+02,-2.584655596960487856e-01,-6.719140287479133633e+01,-2.923326700774271103e+01,1.902475573622734473e+01,5.643388103212109996e+01,-8.627011916380939738e+01,1.433664948018452634e+01,2.782289192672621780e+01,1.755269516550495723e+01,4.145613647895447684e+01,-4.901487155249864713e+01,-3.730403382422085201e+01,2.337869801758196786e+01,8.193390256344954992e+01,-8.478035318611178184e+01,-5.564070585167182514e+01,2.676796662012846184e+01,3.107366513767502170e+00,7.318090505885632524e+01,-9.776011025721464875e+01,3.617830739486554137e+01,3.924402797152423261e+01,4.126307000006674031e+01,7.208911471094126000e-02,-1.681805884303623770e+02,1.816409588044843417e+02,-1.525433029891016545e+01,-4.408726118814386297e+01,7.675554464645770736e+00,-3.419857069781316738e+01,1.691958380505295523e+01,8.103416212140147934e+01,-1.260878992060460462e+02,-1.459682994369111242e+01,1.183518797813774484e+02,-1.448923067989724132e+02,6.761656330085557443e+01,-4.915788111550720174e+01,6.516149227560634927e+01,8.644805515563702158e+01,-1.785277429442093222e+00,-1.364562798254691955e+01,-1.099595981831846387e+02,-1.707787609460723033e+01,-3.701414200586596337e+01,9.694181594728813423e+01,-3.846462237215442315e+01,8.089304866715255571e+01,-3.554248879799961003e+01,-5.805453549897339371e+01,2.392148187785355162e+01,4.112064617872951544e+01,5.620605574609726318e+00,4.165160489825252910e+01,-7.330807832705126259e+01,-4.859231023744820277e+01,1.189623769149700081e+02,-3.908507724107131764e+00,-4.313536876896623085e+01,-8.459988334757778716e+01,1.252578190856215059e+02,-1.000682107906277167e+02,-2.656017872387051071e+01
1.254125656344942712e+02,5.228109563113157776e+01,-6.479284207209344970e+01,-8.903564644837400976e+01,3.886347962371075937e+00,8.359180350269944881e+01,-4.679109697374205723e+01,-5.817274831843123906e+01,9.337511202540035526e+01,7.844346786438716634e+00,4.164674261822096213e+00,1.626903780372160568e+01,-5.708838702700127499e+01,-7.892199517274802645e+01,1.316309278327500465e+02,-1.582182753654297613e+01,-7.993834088561339968e+01,2.996990567240600356e+01,-1.549547558494755606e+01,7.172287963533088373e+01,-4.596232381447698145e+01,1.703190920093145877e+00,4.739089479965178953e+01,-1.988113522196722371e+01,1.056017850933042723e+01,-1.436147509711707926e+01,-1.006992910870605868e+02,7.800684390070115626e+01,1.643297105091751860e+02,-1.065281797243562778e+02,-5.462132394582090456e+01,-2.452168118571837852e+01,-1.872463669218328164e+01,-4.222693835443255495e+01,8.508171853631117187e+01,1.253185684267445197e+02,-1.480207407254455632e+02,-4.654089791785924746e+00,-8.808220061524739464e+00,7.725725962247715017e+01,-5.710465078502510750e+01,9.986304967222972095e+01,9.613754320123739205e+00,-5.694404345167481551e+01,-1.065338976725390125e+02,6.472450420682500294e+01,6.804512178664018052e+01,-1.644229161498962242e+02,5.695447084746519550e+01,3.158841071277639401e+01,-3.308929978957790397e+00,2.981198078301772370e+01,3.028189855908339823e+01,-2.053728510966717380e+01,-4.686181667290313158e+00,-6.877233355736230180e+00,-4.665827671721140035e+01,3.900809296125029846e+01,-3.525323137206886770e+01,4.178950915753546269e+00,1.180332835031999252e+02,-4.579615945662312981e+01,-5.427281202481660216e+01,-6.443656677852573011e+01,1.254125656344942712e+02
8.463194851849100075e+01,-5.933746507247450808e+01,-4.508604741252834458e+01,-4.924859560848458528e+01,4.541259944770305879e+01,-3.568790426133737981e+01,-6.982830172850358963e+01,1.171451029589110107e+02,6.011089415366288335e+01,4.981193959971137986e+01,-2.383841676664749798e+01,-1.091520933323792235e+02,-3.149070106548556680e+01,7.008739429026029200e+00,5.102375020599144761e+01,-2.391597778776616678e+01,7.569983017545300186e+01,-5.681639063502043285e+01,-2.969327758885326674e+01,8.172497135423256509e+01,-3.663148014189589219e+01,-7.654197771574619935e+01,4.927038702833363715e+01,7.214980355378646948e+01,-9.423275365864967057e-01,-4.494362459939284804e+01,1.022216419611765659e+01,-1.171571641058189641e+02,7.960096421107350295e+01,6.811447961495659342e+01,-1.834925648762744999e+01,-4.534009382884093498e+01,-2.882956126322759616e+01,8.101779758400705589e+01,3.395274078801980266e+01,-1.069708156514262072e+02,-7.134744035409964624e+01,1.076474018888110464e+02,8.056267679376531987e-01,1.411905723626662379e+01,1.775935450690145245e+00,2.219623253518020078e+01,-1.078932387016736101e+02,-2.372518876749155847e+00,-2.682968054627060006e+00,1.771335648972428203e+02,-1.004102964271893939e+01,-1.370420136192099108e+02,2.726039266262567651e+00,-2.888850588446293699e+01,2.300157374227664064e+01,-1.169952882080425027e+00,9.978507147171853831e+01,-1.072899309599455364e+01,-5.925500250143301173e+00,-5.385066910381984684e+01,1.530649690339079605e+01,2.046808432843358361e+01,3.320206373743302208e+01,-5.402329030267218002e+01,-7.185684217362499737e+01,9.096784821634226148e+01,-1.120916968963120439e+02,1.036830231667689048e+02,8.463194851849100075e+01
-6.294745002271344703e+01,-1.948833457790042090e+01,5.058259556845310101e+01,-4.208331082694405367e-01,-2.707248245038954337e+01,-2.853329467731645508e+01,-3.485222809080242712e+01,9.997634388396984662e+01,1.170871800480374674e+02,-7.768748414290104165e+01,-6.448065252602053476e+01,-4.436139862055193106e+01,-1.086304031585512320e+01,5.106559208111442416e+01,-7.698768666383908510e+01,2.226116040751657721e+01,8.568451548280373231e+01,5.936988924255558686e+01,-5.022225815654019243e+01,3.007077996799947073e+01,1.748794420343068623e+01,-1.396656274627753191e+02,-3.334955132030776070e+01,7.631584396153822070e+01,1.106483242323047307e+02,-1.529949548141202342e+01,-6.444088954915643797e+01,-2.437952069406626521e+01,-5.162134566834350125e+01,-1.204696854526902250e+01,9.256977801249713877e+01,1.128430525679135599e+01,-5.169940679837988284e+01,7.398215305401461706e+01,-1.495014696135498866e+01,-1.312010808231007672e+02,6.465257891251792444e+01,6.946031733921701345e+01,-3.800212792416505181e+01,-8.688681274561105283e+00,2.128921760463683199e+01,-3.327974332695389137e+01,9.785243590048047224e+00,-5.399436510640522613e+01,4.015058068421549820e+01,9.209032449978515444e+01,4.928812047709885569e+00,-2.600467772709237479e+01,-6.517940110166969703e+01,-3.331343295138471916e+01,4.954966616255148892e+01,3.955135066856392712e+00,-7.201912718643825428e+01,6.781060282380791193e+01,-3.784823230671197791e+01,9.831099833194838311e+01,7.557925823603825677e+01,-5.791198193896018864e+01,-5.506667939500911046e+01,-1.107310940111155162e+01,-5.704777795617897596e+01,-7.097628508959780902e+01,1.286547896086310914e+02,3.237286903251468573e+01,-6.294745002271344703e+01
-1.222978286611563732e+02,1.405940340687608980e+01,1.466285098362673693e+02,3.610929612106122732e+00,-1.158991731366258193e+02,-5.290635767164197034e+00,7.555055195046077188e+01,6.183254581625271840e+01,-9.188305840850566142e+01,-4.324164498766462117e+01,-3.792779743385779057e+00,-2.127025877941669663e+01,4.367585442262955553e+01,7.231315584319764866e+01,-1.208237299780675187e+02,-6.390724642344367368e+01,4.325664736944081312e+01,1.088411396575303343e+02,6.242774438211947086e+01,1.313810744878408698e+01,-3.143924154053202358e+00,3.078397971205043326e+00,-1.338086522904123115e+02,-2.588086964164902071e+01,7.626917432500626148e+00,1.028522780730188373e+02,-2.392131678789849758e+01,-1.362521002388426083e+01,1.183668020702824464e+01,-9.963137096620073407e+01,5.605416180944599347e+01,1.897589960528003417e+01,3.300961001565339359e+01,-1.672305013468628232e+01,1.776153561890531307e+00,-2.192507974213426891e+01,1.024268591302486442e+01,-3.007554084134765660e+00,-2.576554233046977060e+00,-3.390699433576556032e+01,-3.246728622596566538e+01,1.024261128304169688e+02,8.787740783032030834e+01,-4.420073855294090492e+01,-4.027108176298366260e+01,-2.237226169634607942e+01,-5.369606504555368787e+01,4.026834324000525100e+00,3.535343450510126218e+01,-2.581456252300180410e+01,4.923753979097895694e+01,5.161516225512796296e+01,-1.120742791521606136e+02,-1.981464823658512131e+01,7.391178636288726977e+01,-4.734411423113251516e+01,7.722549648815626711e+01,-7.589297509926021235e+01,1.542203563793607657e+01,1.288852966759057495e+01,-1.873670521907001785e+00,5.414962534372201475e+01,2.741618258588109569e+01,-3.995890662969831908e+01,-1.222978286611563732e+02
-9.796959764833439976e+01,-4.158682249614530235e+01,1.364452947514741652e+02,1.291869150476446748e+01,-1.377048446599167164e+01,2.697429593657903979e+01,5.637896736036559275e+00,-8.053993679973801534e+01,1.745690465933273572e+01,-2.589312501408279843e+01,-4.831915964885951098e+00,1.148435128180063600e+02,-7.556959828226001719e+01,2.199317414444163177e+00,-2.066244178198801507e+01,2.576582603037928720e+01,-4.439085721040900978e+01,3.768056693943873370e+01,1.352430156432446573e+01,1.330001661025548287e-02,1.552765566628181659e+00,9.071246326231762680e+01,-6.251429031603611008e+01,-1.674668121739448168e+02,2.121167626001040674e+01,9.267922508566293516e+01,4.814475431118002291e+01,-3.662935225163366226e+00,-1.898403629793589786e+00,-3.372292776659006108e+01,-6.883196069187643218e+01,6.091107578638415987e+01,-2.712442505748980892e+01,4.599078595533993763e+01,7.355940831312024386e+01,-2.253185341245409745e+01,-2.896468317993267760e+00,-9.891411094444006835e+01,-1.984048592838660596e+01,6.089266377621526516e+01,-7.051534950844470018e+00,8.336929020362759957e-02,8.999053232657398382e+01,-1.240674294118488774e+01,1.725518819031919193e+01,-3.851700878039837050e+01,-1.640847780072800788e+02,-1.287882100967101984e+01,8.987320513779550879e+01,1.302503317962168978e+02,7.486188445752262055e-02,-1.076350342506607944e+02,2.840220201868226013e+01,-4.452488930897082753e+01,-9.948803194586155030e+00,-3.458767390539374276e+01,-2.709269451254778716e+01,3.943572636447956370e+01,2.567226694970121770e+01,2.218069532500166474e-01,1.100791784131152156e+02,7.209458178738924516e+01,-3.040169712204824037e+01,-8.879884668884344023e+01,-9.796959764833439976e+01
-1.401179785703893721e+01,-5.257637768594607053e+01,-3.690499854704481919e+01,6.533396997344539159e+01,2.841837892987186365e+00,7.477848497585767973e+01,-3.991016588033181733e+01,-6.640352207908524207e+00,-8.523955456418590870e+00,-4.490711508996899681e+01,8.021819118519781000e+01,5.024712937972046234e+01,-5.291517575101998716e+01,-6.169022365097318072e+01,1.417238896031177120e+01,4.193234928713395249e+01,1.488137453358820217e+01,-6.815978758579053221e+00,-2.422797682488245741e+01,-3.409750109427243103e+01,-6.119951473366312911e+01,3.691424042424770846e+01,4.159508496356323803e+01,6.428941012714286529e+00,-7.605884740078167283e+01,5.320855040737581021e+01,4.580924426165869789e+01,-4.093719515757612726e+01,-7.430090066336960675e+00,1.459822020169745542e+02,-1.347308369723117210e+02,-7.244988465566524383e+01,5.902238764021601014e+01,-9.229945901743271008e+00,8.235010634601847812e+01,-3.017506471371308407e+01,9.070516752464860133e+01,-1.149480600850282599e+02,-6.811992836757659120e+01,3.392042977788412372e+01,4.019490108408262330e+01,3.134502692182347516e+01,-5.591693244589470879e+01,-5.539215794045752261e+01,1.463647085413168440e+02,-3.895292355154839470e+01,-2.635973620092098457e+01,-6.081636716580773339e+01,7.363817110991558934e+01,5.820284082806522719e+01,-1.210994721113794412e+02,4.489214596584644568e+01,5.236806232188715882e+01,-1.795626627166363676e+01,-4.930484994508650232e+01,-1.093900222424852302e+02,6.312202307966924053e+01,9.946420744360997901e+01,-8.327391154609018997e+01,5.159633554524729959e+01,-2.260091467729544945e+00,1.640086394928908931e+01,5.496463212944657073e+01,-5.367228173589879958e+01,-1.401179785703893721e+01
1.672515130528351435e+01,6.931638462956810542e+01,-1.619960652549914357e+02,-6.872478561908614836e+01,5.353505645930721357e+01,6.929373780566785967e+01,1.130836637278534909e+02,-3.433474206664703843e+01,-1.740711827356463175e+02,5.445683425724503479e+01,-7.461545926657009886e+00,3.947384823681518640e+01,5.331905387509770122e+01,-5.048350395306667338e+01,-9.187625953698407955e+00,1.095807000180341788e+02,2.850617700054500148e+01,-1.227617591275830478e+02,2.170182919579538350e+01,4.438160422086291135e+00,-8.494145571938759076e+01,-4.901824038185849020e+01,6.340887486166302267e+01,9.910083216871625211e+01,2.524944747526886601e+01,-1.307887176303875094e+02,2.065069557713007953e+01,9.891376117590429828e+01,-4.721333217249365788e+01,1.036567650904100724e+01,-1.763034267154070278e+01,-7.998710088461356804e+01,3.116965679939571032e+01,2.736416089897337400e+01,4.697719266903845892e+00,-1.020255648264976145e+01,2.104526602213034892e+00,1.635995449038003358e+01,-8.441678350527794805e-01,4.913263286537954855e+00,1.058131885917157149e+02,-1.192156562328631821e+02,-1.506553396611051880e+02,1.151432018485535593e+02,1.055454652610280846e+02,4.806545412482794433e+00,-5.568430723453820974e+01,-5.725423488929738625e+01,6.862457127899205034e+01,-1.189321544527678469e+02,3.515461170717011186e+01,5.626742577858654215e+01,7.865698020588096995e+01,-1.139926354236146544e+01,-5.654701034426631168e+01,2.589154031483786866e-01,-5.001272124390182938e+01,1.151581485516847181e+02,-2.072461238309937670e+01,-7.782198389126835991e+01,-1.360579747729904909e+01,6.197316160628137283e+00,2.262883742243408136e+01,2.951583210039679983e+01,1.672515130528351435e+01
7.162633756200587243e+01,3.177341904318111432e+01,-9.588669328450171747e+01,-1.194151304015385904e+02,7.042797303421750144e+01,1.020212884378822196e+02,2.818553757132082183e+01,-1.064224325289281978e+02,-3.013421691817739401e+01,-3.189899675219000130e+01,-5.479395621674709282e+00,8.472623985946910352e+00,8.661149211125609781e+01,6.191302619296384080e+01,7.608989925980772284e+01,-5.461312009161135705e+01,-1.106762731619389086e+02,2.749365670588415611e+01,3.646549226057103965e+00,-1.149971038080844892e+02,7.772153600826399611e+01,-5.174658047300372488e+00,5.289545882292314616e+01,6.871350105447774581e+01,-8.472419935889875831e+01,-1.031246277369467919e+02,4.160626935334261134e+01,9.132435291405062117e+01,5.984634771137729459e+00,-1.545115371831214190e+01,-4.257039146638855698e+01,-3.433427746864674646e+01,-1.132480419010852302e+01,7.126778673710083467e+01,-2.314050439393767533e+01,3.063047618301882125e+01,-8.604927506460205677e+01,7.587950474560214786e+01,3.774346925525289720e+01,5.394206492760087457e+01,-1.029502788237028170e+02,-2.305882927110531000e+01,-6.712644228282091774e+01,6.734223059866600636e+01,4.498674762173297381e+01,-2.548845506735193567e+01,2.837207040862598717e+01,5.181116954836113564e+00,-1.443240732422755812e+01,-4.071235355920121890e+01,1.722629797677458185e+01,-2.946780973108541701e+01,6.545253682819735630e+00,6.889421399284029235e+01,2.087440905421834714e+01,2.637554847827681925e+01,-7.183527052394504153e+01,-7.515923007671005962e+01,1.107042327099251224e+02,-5.252971148744182273e+01,-3.112213470824568162e+01,1.386732680433609843e+01,-3.795881306511969200e+00,2.675575198978989988e+01,7.162633756200587243e+01
-1.952286198458654098e+01,7.687076380332541703e+01,-7.916254408676779519e+01,2.370116298658101073e+01,1.079901681479315556e+02,-8.451985080341145817e+00,-9.167431529338192320e+01,-5.663759932975057865e+01,1.258304299589886988e+01,2.240633628157843305e+01,1.057385129906046473e+01,6.902331541905819279e+01,4.617613651553522658e+00,-1.287884290723674496e+00,-5.451743112059718754e+01,-6.215520247447620505e+01,4.415852247647551110e+01,2.919428292446865569e+01,-1.340111136868321182e+02,4.247442984946782474e+01,8.409279479918211564e+01,-5.342464564592070531e+00,6.742032185116555354e+01,-1.220938107150676899e+02,5.673972689392941504e+01,6.065178777543765420e+01,-6.695406510151119051e+01,-3.304409308294644632e+01,8.230079332875467912e+01,-7.300263692701643947e+01,-6.422258440023314918e+00,2.287920905640037006e+01,-7.481841010378500911e+00,5.323155983095395527e+01,-6.628413650080472053e+01,2.880574932951468980e+01,-2.926258327843545004e+01,2.678990933588194423e+01,7.735244209336080701e+00,-5.165649590866659224e+01,9.202205712391022985e+01,-4.981331744309462550e+01,2.659216460814237593e+01,-3.409448019951533126e+01,1.011648232800506797e+01,-5.947224386018199027e+01,3.526966705829202908e+01,7.920949066767141744e+01,-2.095213209369316587e+01,3.566800322237112653e+01,-2.091729568431999908e+01,-9.063531013645533108e+01,-8.026587011787914605e+01,5.767395639058383239e+01,8.660687854466188185e+01,3.430578621065871658e+01,-2.666748061948826276e+01,2.922231535787333101e+01,-9.656018303281450699e+01,-1.060293716073982040e+00,8.629326187156429739e+00,1.013222468341837867e+01,6.320745654805807590e+01,-5.349246539634282271e+01,-1.952286198458654098e+01
-1.484098816446258979e+02,-2.801542116566895047e+01,9.117494973389349866e+01,1.144989578995021304e+02,3.674332252198853155e+01,-1.027803669555025010e+02,-1.202236201358921051e+02,3.920460189406651352e+01,9.337865519356032706e+00,3.265375440257967909e+01,1.210294894767984459e+02,-1.080074446790179366e+02,-1.118512979985173388e+02,8.298476749546961173e+01,9.572735602311965408e+01,-6.971568146455102521e+01,-1.011081112080882605e+01,-6.947581449002302634e+01,8.136896260860531527e+00,8.496539850198689692e+01,7.127064976771755767e+00,-2.414655557373843919e+01,-3.223320448960244278e+00,-2.482259195882951985e+01,8.923190638932146612e+01,5.351504736178059574e+01,-1.689572302151362351e+02,-4.181204630251903609e+01,8.269642836568399957e+01,1.220059163881641098e+02,-4.211914959934484415e+01,-6.087906428891117372e+01,2.475499281724985678e+01,-5.482735375912307774e+01,2.625735010091634436e+01,-2.416510452487598570e+01,3.081645963852073677e+01,-2.228597750665268507e+01,-3.220877765108761537e+01,1.713126796186570289e+01,8.885900675585833142e+01,-9.822504464674460678e+01,5.746202695848436548e+01,-1.059176348903636367e+01,-6.446520433679606299e+01,7.805759135067498278e+01,-7.093382969735850452e+01,4.244379068170049862e+01,3.050860767022925302e+01,1.282608843594800874e+01,1.098285726350931668e+01,9.740862416113870381e+00,-9.363204664301406410e+01,-3.327006587282360073e+01,2.325482410607761352e+01,6.888773344656749487e+01,-2.400444515524127098e+01,6.816169293868745171e+01,-4.456485627478988221e+01,-7.831233344109148220e+01,-5.953644952284712133e+00,3.576992614207070176e+01,1.065567112952178803e+02,-1.151476719806879956e+01,-1.484098816446258979e+02
1.928131964677093180e+01,-1.245768773264627214e+02,5.433074534183353421e+01,9.107288252056443412e+01,-5.281240250886015275e+01,-9.183974439655486321e+01,-1.162905219401049806e+01,6.104083286137361597e+01,-5.177755741755125030e+01,1.407377122809110404e+02,-2.293183964645385942e+01,-6.050745418483798943e+01,-2.684561782768736293e+01,1.349542583164779046e+02,-1.439729495019347496e+02,-5.124160534782602383e+01,5.923109302530837539e+01,1.130483723298285170e+01,7.726771668654586733e+01,3.506381491159017116e+01,-1.168338738296620249e+01,-5.092311033057559655e+01,-1.092488921460834774e+02,8.818954302871949835e+01,-1.783330421858968862e+01,-4.042888341003646246e+01,5.303488224430874709e+01,-1.708345064791565449e-01,-9.908426268693411032e+00,-2.283496381729616331e+00,1.511622451703302943e+02,-5.182097907951033733e+01,-7.853176030016815901e+01,6.676335443143297965e+00,-2.879527076259434537e+01,-6.270869917113145675e+01,7.896740266051529034e+01,6.410913356761317061e+01,-1.423603059365115087e+01,-6.882017551843634351e+01,-4.185873752742394061e+01,5.893100489601692260e+01,-2.309024888987195823e+01,4.821425309118509972e+01,-1.843807118372759746e+01,-2.919875008136509820e+01,1.248931075798805068e+01,-3.393270868104501403e+01,6.417662118312242114e+01,-2.420009241585433557e+01,-3.934839663277855237e+01,9.043283791355958101e+01,7.775498908131953613e+01,-3.537953618481521545e+01,-1.009945893969170356e+02,-3.050405179630414310e+01,5.759816075351467646e+01,-9.000358550457242757e+00,1.372510547827067739e+01,-6.860377429086678092e+01,-1.677083023295303832e+01,2.008109753866498437e+01,1.016877726030879217e+02,-1.466741194851415386e+01,1.928131964677093180e+01
4.614018823408629544e+01,-3.072185502082768238e+01,-2.091637017491862593e+01,-8.519939358820320052e+00,-6.837664207509449810e+00,-5.185696626663671793e+01,8.287066812414980177e+01,-4.543613207217137528e+01,9.246445000847920426e+01,-5.186497076105669635e+01,-2.544457612728149698e+01,6.293567616007861432e+01,7.421175390294914109e+01,-2.002008531075364317e+02,-9.286983321259705804e+01,1.810145278559597273e+02,2.759284764404475254e+01,8.502841168109839032e+00,3.048243218974491242e-01,-8.931792832847023078e-01,4.193185656627925084e+01,-7.459149112748409038e+01,-4.742036139389806948e+01,1.883721095609408991e+01,3.414841809057278965e+01,-7.827121585153862782e+01,6.640827663422037119e+01,1.216443979238327522e+01,-1.669141754362727070e+01,2.070607039905058855e+01,-1.058385820520763687e+01,5.875765424777895873e+01,-6.727454426478836069e+01,2.006436482471195504e+01,-1.292031712941542594e+02,8.920445021732948021e+01,9.486635618467819597e+01,7.560226597083257616e+00,-4.656874409309000384e+01,-7.981025330898418702e+01,-3.377277514190643615e+01,4.613063988524778836e+01,5.913693007196329177e+01,3.034296380487600686e+01,-8.546432497096219549e+01,5.889452711255938056e+01,1.317124468464187714e+01,-5.111101992907014591e+01,-2.027699514095544586e+01,1.520057138505309524e+01,-4.754115913644114499e+01,5.823712761529188242e+01,3.214111671160739547e+01,1.810669601258390671e+01,-5.584743221414925074e+01,4.289094631311579064e+01,5.692755496274772042e+01,-1.561458973122788336e+02,5.547988127638925704e+01,2.816723496907216884e+01,-1.288539141274857514e+01,3.811123128250709868e+00,-5.819774888447160066e+01,4.789448095505927938e+01,4.614018823408629544e+01
1.219228613011464546e+02,2.379181625091188934e+01,-5.750646105262737962e+01,-4.106079757497501248e+01,2.709462872090297481e+01,3.453596180812862571e+00,1.364088530875493177e+01,5.936903586627907004e+01,1.375307434759231739e+01,-8.124042838369310005e+01,-2.474667242894123120e+01,2.628597689877359755e+00,5.569617548634747806e+01,-1.387857654487210652e+02,1.002868020557734781e+02,5.529349972466905427e+01,4.513581957755496177e+01,-2.974506568965101394e+01,-1.834731907402614937e+01,-1.073651984094749707e+02,-8.933811607936092969e+00,8.852800407737066735e+01,4.075693631243520088e+01,-3.075392363048430866e+01,-2.462694267296821238e+01,7.372643690562114216e+01,-1.113054029979628865e+02,-1.819604000148290623e+01,7.216300334117113380e+01,5.825479496973942872e+01,-8.391965836064251505e+01,6.105136567955566917e+00,1.044228500668026527e+01,-7.570779741713465683e+01,3.577475683898371983e+01,1.323405454773760539e+02,-7.295116108656023357e+01,1.244781678720943319e+01,-1.021958268479691014e+02,7.444127981887085355e+00,3.379941897262385453e+01,5.130443294317581859e+01,5.375161124004913660e+01,-9.553209937733151946e+01,-1.895143560054459542e+01,8.000552606278436940e+01,5.844966034297298307e+01,-1.385260339797425289e+01,-1.038676937621806644e+02,-7.617068876588311355e+01,5.472625332574990864e+01,-1.562538295056238979e+00,1.985132761226692466e+00,-3.700411724742911446e+01,9.451674105324872244e+01,7.264122561085747520e+01,-7.653334349314195606e+01,-5.401039087504734937e+01,2.625326464141856775e+01,7.463628825084616381e+01,1.977782844286430475e+00,-2.388820559709041902e+01,-1.582413644934181889e+02,2.290477876405567770e+01,1.219228613011464546e+02
-2.689087013683880656e+01,5.676974987867374978e+01,2.069008151268249662e+00,-2.302684174085359814e+01,-1.365840519990276647e+01,8.059073277662052703e+01,-5.067516070956382634e+01,-1.755094196260274941e+01,8.205231544864393811e+01,-4.234250395406876066e+01,-7.175120174631013015e+01,-3.138127415594772174e+01,5.160338218237189523e+00,2.610464710845919356e+01,7.613564847213723397e+01,2.512843721864383184e+01,-1.697587983985207671e+01,-1.812188265898489448e+01,3.160733283334140964e+01,-7.942744482057098310e+01,-1.069125893911107710e+02,1.079687524378585124e+02,1.036843502851430117e+02,-3.594425551165521426e+00,-1.130567686436124575e+02,5.018598830706797287e+01,3.278481059160526456e+01,-1.028255889547839814e+02,9.025849757511234372e+01,-1.028795166605537190e+02,-1.878594483112095759e+00,-1.934570563813741018e+01,1.383438513476145602e+02,-2.516219572830099338e+01,6.882433500075799770e+01,-1.001980195571179877e+02,-4.579627656920037282e+01,-2.094075118425111270e+01,2.342387835406807284e+01,1.137046301335943781e+02,-7.038194606873445025e+01,4.564774527159586626e+01,9.543507212227559933e+00,-9.372124424390736408e+01,2.135447266118187315e+01,2.534933525278817967e+01,5.668513834063018209e+01,2.098116823127345754e+01,-8.785901105005942213e+01,-1.807577295092596614e+01,2.873964112897002110e+01,-1.515517527207970971e+01,-5.498499082312862996e+00,3.287982075026512518e+01,-4.474831054306477540e+01,-6.824528488749011501e+01,5.996455487119291661e+01,1.158669884829320438e+02,-1.347506535769042735e+01,3.086202315789918060e+01,-1.187927416537816683e+01,-1.171005543521567063e+02,-1.491938275053883842e+02,1.670551052662274003e+02,-2.689087013683880656e+01
-4.355753089516242227e+01,-3.448281848866145083e+01,2.852997893613223468e+01,2.587026775473985651e+01,-8.366809839855167752e+01,3.589323314639784712e+01,2.869722193553070611e+01,7.977917886000184922e+00,2.719129728087005660e+01,1.905969052317203705e+01,-9.764295971178032119e+01,-7.400580634038323069e+01,4.932224428313354281e+01,1.628599751142367040e+02,-2.882053587985001286e+01,-8.130063016290229427e+01,-1.106316767205560012e+02,2.536716484416542627e+01,8.923720411868161762e+01,9.205405009719376608e+01,-3.472413993424409284e+01,-1.540614845134130917e+01,-2.930487944615900275e+01,-1.847471847008091572e+01,2.392228473840089720e+01,-8.778811450289649088e+01,1.089748719627273488e+02,3.325725155469782379e+01,-8.235369368677079649e+01,-1.306047186208045900e+02,-1.043190414287190748e+01,1.596330390446468073e+02,1.399458111898571246e+02,-8.958486832519270138e+01,-3.636831997257382199e+01,-6.236679366814264824e+01,-5.147559661716096002e+01,4.151573125090160943e+01,1.120438270608457572e+02,-2.679981113016548733e+01,-4.835401584730163904e+00,-3.980990573495928686e+01,1.051779209677606275e+01,-5.044773182625739594e+00,-2.171088351787660287e+01,4.472296136317950754e+00,-1.010610221021100585e+01,5.111977258052519346e+00,9.302330054402371928e+00,8.753174532793872231e+01,-2.148912565566938326e+00,-6.297720814233210263e+01,6.442860327929949449e+00,2.522457994504449985e+01,-8.333172378876682274e+01,-4.351887647612781507e+01,5.130190117360589852e+01,7.796025331433445160e+01,-4.234947849440617063e+01,2.043145244215633483e+01,2.023427422862125979e+01,-8.869610517636220948e+01,6.779793817972385739e+01,3.664067123298175233e+01,-4.355753089516242227e+01
5.110140856477447358e+01,3.390662477078403469e+01,-2.076139380833108206e+01,-2.100620233324232444e+01,-2.526770644938224564e+00,-1.011650478215040891e+02,1.299760784838843719e-01,7.739738923488641831e+01,-1.524111370303973700e+01,3.842705311334779594e+01,6.144598702519203215e+01,-1.851098854381059056e+01,-1.341334332111576089e+01,2.810183945323068144e+01,-3.206927894798706546e+00,-1.320496101318458670e+02,-5.216261091508891923e+01,6.301202275839252565e+01,2.420737228912302541e+01,5.266864551164053410e+01,7.492508038055072461e+01,-6.138895651662384267e+01,-4.261089363702259902e+01,4.474841950893065246e+01,2.577850395006735340e+01,-9.589416993180796567e+01,-1.699984501507136159e+01,1.548188923382565179e+02,-1.606514606302833101e+02,-1.057655650904838325e+02,1.432260835913579058e+02,1.397173620609317481e+02,-9.961772115119053694e+00,-7.110886764851672126e+01,-1.303728949793119227e+02,3.332461620377798539e+01,3.000841464061212349e+01,8.727689332187820170e+00,4.714279077652246031e+01,-5.205571012141164999e+01,1.197535178863894743e+02,-3.141886801669665630e+01,-1.115179483553927327e+02,9.332125779650613850e+00,1.116912528619846867e+01,-1.826671326507052839e+01,4.714289206626059325e+01,-3.406353400405023990e+01,1.250576562227827893e+01,5.110931945503368468e+01,-1.490884935631839880e+00,5.578485628320974143e+01,-1.212989341007019988e+02,-2.469483207788707091e+01,8.488807483023735756e+01,7.828621614428752196e+01,-5.376615940538813732e+01,-5.777875294822781171e+01,-4.845371486571220032e+01,-6.349827049101804022e+01,4.175370292864774058e+01,1.213099316173184263e+02,2.925797241025158257e+01,-1.020069146236694735e+02,5.110140856477447358e+01
-3.285733079558197289e+01,4.115274995558092996e+01,3.963328638638145662e+01,-1.558572733920054176e+01,-1.099897071845656171e+01,-7.769884285391955814e+01,-1.353863028557129056e+01,-1.544749242982501158e+01,-4.258310769241919047e+01,1.087675924084084755e+02,1.075271341348691294e+02,1.473368691843996814e+01,-8.957464865855526170e+01,-5.548554680850116938e+00,9.643813652763007838e+00,-4.875082408362166575e+01,-1.256873829896812822e+01,7.726481120418512205e+01,-2.953593110479842210e+01,8.825709462741535560e-01,-4.666934350362109996e+01,3.872616302117760512e+01,9.036127169908318990e+00,1.120366338298864761e+01,-7.296207955832436198e+00,-4.429039654381627145e+01,1.451177542954860122e+01,-4.897655505901024497e+00,-8.898081211155748349e+01,1.001723708207330503e+02,1.048767736332184484e+02,-5.419218695172050104e+01,-6.224239214318603786e+01,4.614706923261383054e+01,-7.408137957818725283e+01,4.009061689378750515e+01,4.699962948800984464e+01,-1.884819627602803749e+01,-9.516138618721494424e+01,7.115689300683008867e+01,1.130882601647095385e+02,-9.273120822656620987e+01,-6.800733111424112565e+01,9.253618612867754223e+00,7.879518248871045571e+00,6.388345458086883610e+01,-1.142592719406550827e+01,1.934687848786789033e+01,-3.929778467476620563e+01,-1.093969682171806426e+02,1.544796438993920162e+02,-3.091545202142230409e+01,-5.100260034871220682e+01,-8.733784869759523417e+01,2.719457621696100205e+02,-6.356519878609125129e+01,-1.627145190210090959e+02,5.745946450089898860e+01,1.493437290518540692e+02,-1.708999623055411234e+02,-6.076592808087388420e+01,1.096606615202471602e+02,-2.966248396151732436e+01,3.020424942550944536e+01,-3.285733079558197289e+01
-9.826630831179393510e+00,9.452895644157932509e+01,-2.337597673408129850e+01,-7.676511709961481245e+00,7.960700631678683692e+00,4.943439130578088481e+00,-7.840365444909264170e+01,2.260417113263494571e+01,-3.104565992821531140e+01,-1.673089674128715387e+01,9.030000569803846133e+01,-4.103297053596296706e+00,-3.981767766922833118e+01,-1.964198903325612378e+01,4.927425537441975223e+01,1.609197988428596915e+01,5.270830655532355991e+01,-6.508091462768970814e+01,-7.315568135500400615e+01,2.905880873050944757e+01,8.639500116378798111e+00,4.388527911328420572e+00,-2.021998957369811478e+01,4.068040520086732670e+00,3.208862693411963107e+01,1.185113994288101935e+01,-3.330356297588442516e+01,-6.657152614437381999e+01,8.523342179410521169e+01,1.040086005303984678e+02,-2.671896270963829423e+01,-7.078786545586635270e+01,-8.553305166513041513e+01,5.446291501848512695e+01,1.023717166076083487e+02,-2.339575532668995095e+01,-1.068146366650601919e+01,-2.633718369001481108e+01,-2.184176216439391638e+01,9.001364127757352662e+01,-1.016709858118469896e+02,-4.993662375264926823e+01,-2.762603398723501691e+00,3.749444792090405798e+01,6.336009602951605046e+01,3.344745231793774565e+01,-2.703713615932234404e+01,-1.013066807218536098e+02,4.802035259163987035e+01,1.088872444302660369e+02,-7.383121477340148431e+01,-6.863174503083095601e+01,2.649469307926844408e+01,-5.408314089760057186e+01,8.828106839375880099e+01,-1.341274843565167885e+02,9.900249577311956273e+01,7.638243776197870716e+01,2.099989741820019518e+01,5.718011037354534665e+01,-1.927588394524401849e+02,1.135020952253697857e+01,7.724971632061134130e+01,-5.235050830532308197e+01,-9.826630831179393510e+00
3.396448827178225827e+01,8.206131040221521289e+01,-1.363342295270946636e+00,-6.974078180602737120e+01,2.299412098861785836e+01,6.912853616683905500e+01,6.530177084883003147e+01,-8.659104065228814306e+01,4.697918999734710610e+01,-9.351559785528623081e+01,-1.573871863525739911e+01,-3.399291033148372065e+01,3.596804637053476483e+01,-1.626230668239030308e+01,-2.879248124667213560e+01,1.081668514218416419e+02,1.653925651197894808e+00,-5.506906296132211054e+01,-4.019506037876244875e+01,-1.432203365593760935e+01,3.335457611314831183e+01,4.707764527328521353e+00,6.518635930594993511e+01,-6.420201393927837330e+01,-5.897296577535034601e+01,1.438101492686104734e+02,2.244772752552788475e+01,-9.412370120577325139e+00,-4.779003986150779326e+01,2.147416930577823990e+01,-4.610485509781314306e+01,-6.819172142819988380e+01,-3.159341441136191975e+00,6.667029659236214911e+01,5.544614377980089159e+01,2.709088714038840351e+01,-9.423450578904251529e+01,-1.952434543488920227e+01,9.653522933147947072e+01,2.431520820151391860e+01,-1.768548019196598204e+02,-7.991028065061840380e-01,5.048318379709434112e+01,1.068830292589478574e+02,-3.181947328201705361e+01,-4.193570619866954985e+01,-5.597312426937105734e+00,-6.496559330860731052e+01,1.061914132012562106e+02,3.361457101213848375e+01,-9.187072029325796052e+01,7.759026526674922764e+01,1.118475714072609151e+00,-1.151767252134779369e+02,-5.107349442781841731e+01,1.391413096637039075e+02,-7.195270135193811711e+01,7.321289710887626256e+00,6.802792371321025655e+01,5.794903638040618432e+01,3.919488225850147955e+01,-1.340028973991454393e+02,2.067235735409008157e+01,-8.222046452562423724e+01,3.396448827178225827e+01
1.279303481017247002e+01,-4.329727984281002762e+01,1.176118372682774407e+02,-5.378941368352379016e+01,-1.389446140713508839e+02,1.114964496567775427e+02,8.848938659977142152e+01,3.560912771342842120e+00,-1.329316089668484224e+01,5.989473273787554319e+01,-1.831389628822207101e+02,2.348895277016939787e+01,3.570406568843480954e+01,-7.018572965141132158e+00,-4.591286234706973346e+01,4.578280507835371793e+01,5.894946335560211992e+01,-2.369057332946131211e+01,-8.404944092298359237e+01,4.632592504626060759e+00,-2.538943251803630829e+01,2.238103659578820270e+01,1.640189803534864268e+02,-1.521274869774769201e+01,-1.630573197696769796e+02,4.033308083671064992e+01,1.655313763546376435e+02,-2.357883259532237830e+01,-1.081759459648687027e+00,-1.261664779879178013e+02,-1.193424252967599273e+02,7.292881525985940527e+00,1.009280666033966156e+02,2.359085330843500117e+01,-4.647074534076466534e+00,-4.271409511951445381e+01,8.540026634704454978e+01,-2.812675464882174481e+01,5.176631434329438264e+01,-1.040555228365440712e+02,-3.715059644594145993e+01,6.898723893879753177e+01,8.850815875104670738e+01,-9.073062778555950558e+00,-8.100753544941721884e+01,-1.422721019094872474e+00,-4.347559617578063751e+01,2.649266272295469804e+01,2.480711656550662880e+01,4.279944209686830447e+01,5.272073524628788022e+01,-9.213363229730370563e+01,1.547166489024743186e+01,1.050070406446759819e+01,-1.133931611642698130e+02,1.331613037190307125e+02,2.857882728503486902e+00,-1.442788126784384986e+02,1.231007136183388440e+01,1.188726253439338052e+02,3.378997882989351353e+01,-1.541439102777160031e+01,-5.777445816352015129e+01,-1.329538316414850918e+01,1.279303481017247002e+01
-2.047884049443853982e+01,-8.012801867935777977e+01,6.720752534722069527e+01,2.244655094026878146e+02,-1.887639600335741648e+02,-1.403354165911326277e+02,1.968183686390457012e+02,-5.727107736612921940e+01,7.112661282191615442e+01,-4.640838597281764066e+00,-9.849507760920107557e+01,2.406758900803238532e+01,1.548999355285146606e+01,-2.682489483501298366e+01,5.713537198350648794e+01,-1.158880021646667302e+01,-6.252783235350462121e+01,7.901444999547774728e+01,-2.557552343269065531e+01,-3.479290152648091805e+01,2.330280156847533135e+01,3.363000321721918340e+01,-1.604486335028782662e+01,3.237850844015955687e+00,-2.478699619068332183e+01,-9.816343545559209360e+01,6.585082141976556613e+01,9.796779314125956262e+01,1.304974763935102189e+01,-2.929943480628516994e+01,-6.961230690453965053e+01,-5.538344642018637387e+01,5.954316811945692933e+01,2.451062341142512224e+01,1.051339475944633506e+02,-1.619561758711421362e+02,-8.590352890570528643e+00,1.065322949213530421e+02,-1.077330581398196898e+02,-7.101549706439217857e+01,1.118443959863687098e+02,1.147253838044994012e+02,6.607107259778969421e+01,-1.156299106374046204e+02,-9.896035411494130685e+00,-3.635732607852521880e+01,-5.404585694606937807e+01,8.294584342171647506e+01,-1.918350473277596535e+01,7.933093916866573281e+00,-3.668475394887485663e+01,2.328736772288923618e+01,-4.531649975913089889e+01,1.342820536896479950e+02,-3.375550033581625087e+01,-4.945111817450177227e+01,3.856128613978349051e+01,-3.219694706683914376e+01,-1.539356200252880171e+02,1.049681475638314652e+02,7.259850119286122094e+01,-2.293637424181427065e+01,1.169296795590371829e+01,-3.359639043237701372e+01,-2.047884049443853982e+01
-7.826046462099537848e+01,-2.062991059021401696e+01,-5.028740838593618179e+01,8.372816224663445439e+01,1.953535955582644306e+02,-2.653845409453394382e+02,-2.193804735967444230e+01,1.047442407943306222e+02,-7.369248196420950592e+01,-5.237545917085213887e+00,7.919040097366378461e+01,2.633453267992910796e+01,-3.627723406325200983e+01,6.064580357801345656e+01,-3.012176669316649225e+01,-1.294786445247899920e+01,-8.204342323307290030e+01,2.283925469327153124e+01,1.190003865544425992e+02,1.246003572143327176e+01,8.770132359670910205e-01,-3.289985452264048860e+01,-1.387117819775842236e+02,3.679891337089891579e+01,2.481928843332489620e+01,-6.657459753132806668e+01,-1.020764577347286206e+00,4.347257456799212605e+01,8.593191379318488998e+01,-3.584398362819975148e+00,-6.307190145617409627e+01,7.571414328722977416e+01,2.869337089270214491e+01,-1.392322769345472366e+01,3.538930761692194338e+00,-7.171296265249789315e+01,-1.076518698823130222e+02,4.723765925067228011e+01,5.248915495557091759e+01,-2.882464772888203797e+01,4.788931068038756678e+00,6.184220617889992866e+01,4.009145756130388349e+01,3.961844805930049063e+00,-1.351261735626963798e+02,7.382093185235260080e+01,6.974760639453380406e+01,-1.071376393472990074e+01,-4.892701726107559068e+01,-3.939090897972548788e+01,-1.169755660306973084e+02,-1.534377530498488795e+01,2.128793128390678930e+02,3.999948981548877214e+01,7.268706840953811366e+00,-6.617052906854939920e+01,-1.748288300529340233e+01,-6.527057749887002558e+01,1.335648208839037920e+01,-3.154783353426466164e+01,2.446579923326943273e+01,2.863615228319190464e+01,3.909643288911730963e+01,2.792099359159638539e+01,-7.826046462099537848e+01
2.690680183943830883e+01,-3.006475579649863406e+01,7.362818218370961176e-01,-1.400654880276211713e+02,1.107625920732884026e+02,1.131760367039256749e+02,-1.590431777881367452e+02,5.332480959956481570e+01,-1.164651130713551481e+02,5.666249473976737505e+01,6.589564615732572861e+01,3.888105644613602863e+01,2.998427967297115515e+01,1.272251495689721423e+01,-3.024291747044186707e+01,-8.455033436594044360e+01,-1.697518494941882850e+01,-6.263380957518063497e+01,1.774945954753927992e+02,3.517758126223526460e+01,-5.199011923796315671e+01,-3.917439637348090997e+01,-8.090491286413779903e+01,6.522081110340012344e+01,3.188603146954378076e+00,-7.279310365181132170e+01,7.403385925051136951e+01,-4.795637721294373534e+01,-2.697891250540016728e+01,9.149824078814177142e+01,4.755096609718030010e+01,3.777186822933868626e+01,-8.802825887088198442e+01,-2.676196043824306514e+01,2.912280993445953925e+00,5.918290231604026275e+01,-3.747659707616228530e+01,-5.485393310593609328e+01,4.295469158408799615e+00,8.635341564361206679e+01,1.247851017270156149e+01,-7.680450531923037261e+01,-3.632128132980631108e+01,8.758774989910104836e+00,8.585629742603245518e+01,-5.475578832029883358e+01,4.421307565207793289e+01,1.967655140929552715e+01,-1.557618799860818370e+01,-6.684673050067775080e+01,-1.197521608940888314e+02,9.845377528125807487e+01,6.546799729112008492e+01,2.553454543704563662e+01,3.514021260210219566e+01,-2.447254248395968901e+01,-3.359847534421027149e+01,-3.289897574302138139e+01,1.797825323144994769e+01,-4.973021170739572483e+01,6.807640534120136522e+01,2.128803188356454257e+01,-5.961882800282826622e+01,4.067950183210657400e+01,2.690680183943830883e+01
3.808170164158011062e+01,9.497378088310152577e+01,-6.988282780213506840e+01,-8.943349916284589085e+01,-5.406727343772767824e+01,1.213901249077178761e+02,4.570851332911378506e+01,-4.152105751712491610e+01,-3.476740193667018985e+01,-6.734423943292745207e+01,1.389763997200360279e+02,-3.255230540970952546e+01,4.140398037756548888e+01,4.090031480062859259e+01,-3.948689899776265122e+01,-1.079246913247323079e+02,3.967781944725935972e+01,-3.301774440663515264e+01,4.661826846983299077e+01,3.415241272350652935e+01,-5.420857562370564153e+00,-8.939586391977485391e+01,8.932613956672092570e+01,-9.926956716888852839e+00,-2.242619090969358098e+01,4.667738390364560530e+01,-8.304875673505557643e+01,5.443838767053140515e+01,-5.796033933479666445e+01,7.412959646266676828e+01,3.515488853446814232e+01,-7.753475733420049210e+01,-1.004967854847668320e+02,-2.252162163737868639e+01,2.593583648540332831e+01,2.456469763538351572e+02,2.186594984566851707e+01,-9.230296980129043050e+01,-4.792961464181297515e+01,1.770811557470598530e+01,-2.573640324839502469e+01,-5.125982828422365856e+00,-3.075598684016162565e+01,-2.564580164479580304e+01,9.975307880176751496e+01,-2.326574586583779691e+01,-4.701196641361954676e+01,-5.431923127219285163e+01,7.598073173369357391e+01,-4.977472285325197987e+01,7.664817254966015980e+01,-1.610948639572733754e+01,-5.175987999622006441e+01,9.151879842537636023e+01,-7.439137837802454101e+01,-1.673821232806697168e+01,-4.578438941152782604e-01,9.758833723714695907e+01,3.263766278898138751e+00,-5.087573405746731936e+01,4.449546113553088844e+01,4.166757043459730880e+01,-7.729030230387107281e+01,-5.546117546818900479e+01,3.808170164158011062e+01
1.047427579413621430e+02,-8.023008766566714911e+00,-5.794045099238601892e+01,-3.195919319071798625e+01,-2.212797148589263330e+01,2.773088496299876482e+01,-1.140275305680212270e+01,-2.613805491113676993e+00,8.473263448015896415e+01,-3.870822677906775766e+01,-1.125829939807552478e+02,4.822004907096715698e+01,7.939603878721098340e+01,7.614514299211712967e+01,-1.154090430795521485e+02,-2.918596407946728277e+01,2.033762917843048967e+01,5.477905406276056510e+01,-8.889496658613606428e+01,2.016051436108651274e+01,3.235914133474501853e+01,-3.125114097938148916e+01,-2.049970081670787181e+01,2.690069243378156116e+01,9.791631243959500353e+01,7.673200744736492140e+01,-1.344791912634997857e+02,-6.134524736331385952e+01,5.047358814233324864e+01,-1.579392542343437356e+01,1.108181729679528971e+01,-6.681592112040819131e+01,2.178677852981418539e+01,-1.460170724776479290e+02,1.086580197965681407e+02,1.781924593353114119e+02,2.435737423347771369e+01,-4.755979862111406931e+01,-2.511036398214109866e+01,8.937441215359417157e+00,-4.324686348050938278e+01,2.387567279869821846e+01,-1.249886343823077652e+02,5.033820178249087007e+01,2.496612388354092360e+01,-5.170241825521959100e+01,6.062661046187459846e+01,7.356326839818617458e+00,-8.280946073966531173e+01,5.811459562805282530e+01,1.340913993219678275e+02,-6.668843126176032854e+01,-7.508402282315884690e+01,-1.226125454406707860e+01,3.081341237423077217e+01,-4.407147558959723455e+01,4.700825396839890402e+01,4.793466388277697376e+01,-3.837029915473728181e+00,-4.691887670401183641e+01,6.308261967619377941e+01,-1.685551626900750932e+01,-7.801706526170994493e+01,1.235357010231200725e+01,1.047427579413621430e+02
5.564465119485610956e+01,-5.368805535498196946e+01,-4.511988389183584047e+01,4.465457303361005614e+01,4.013890648666782823e+01,-1.135707172318659985e+01,-1.128661467501917457e+02,2.353770960743517549e-02,1.587867333194944592e+02,-1.339124150087495480e+01,-6.738811616975796426e+01,-5.306725385748165991e+01,5.615254546744935027e+01,-3.451237365608757557e+01,-5.111908948466572156e+01,6.658890699690540771e+01,8.044028754313677609e+01,2.289434882065830834e+01,-1.105934861427551823e+02,-5.079778851428478248e+01,8.175622421858540179e+01,-2.669476541989561014e+01,-2.273202970961899894e+01,-1.018398276677778469e+01,1.188524244241490209e+02,-3.727941331599495811e+00,1.196582501008077770e+01,-8.527628806347458124e+01,-4.492216631360226842e+01,7.404835368230268955e+01,5.794091736074029342e+01,-1.126286298647603275e+02,1.563062667784602766e+01,5.561394754283941921e+01,-5.372069296932397009e+01,-6.785305126604289683e+01,7.332749316088538194e+01,2.104424696675124551e+01,1.732517779933126434e+01,6.974933745087631110e+01,-2.727506915282958033e+01,-1.551772625501412790e+02,-1.324469758460473656e+00,1.458985505500273803e+02,-1.830328183569670557e+02,5.580894346878756096e+01,9.873207396080451304e+01,9.052878624525060047e+01,-4.026015730149703131e+01,-1.021350929687839653e+02,4.156964163723595362e+01,3.996486982402007015e+01,-3.981491488374103938e+01,-1.131586312646560373e+02,5.104441165342367270e+01,4.126700395762350837e+01,-1.622993498337750395e+01,6.814925090776567629e+01,-7.248432912923975380e+01,-1.436493333408477824e+01,2.937693083641648784e+01,5.894317083099102916e+01,-9.980156575323924528e+01,5.283653544909764577e+01,5.564465119485610956e+01
-9.814301680471334777e+00,-3.501085100023716734e+01,-3.405332716670859838e+01,9.012187976405363088e+01,5.723104996512095965e+01,2.391288332566821495e+01,-5.238362053494911663e+01,1.425404213485035854e+01,-4.530070954442744835e+01,2.088619961963061655e+01,1.447021872328864944e+01,1.573180164687259719e+01,-3.268526940590253105e+01,-1.303843726805318397e+02,1.238552561229086990e+01,1.344383458404715839e+02,7.348524655596153821e+01,-1.552050774288358781e+01,-1.089659838197355555e+02,-9.211288693720121046e+01,8.805977090373980332e+01,5.411486311633891688e+01,-6.033508118469671899e+01,8.684072771606079755e+01,-4.079540061931806605e+01,6.010782685466261910e+01,-5.011054227303050368e+01,-1.780344686406183996e+02,1.071759710228463405e+02,5.434204868533362287e+01,7.613922068699716306e+01,3.326641802970640072e+01,-1.238608784980205826e+02,6.718515264586096691e+01,-7.828082812431627246e+01,-4.453863612367544533e+01,-1.025696514743080456e+01,3.962864668355236120e+01,6.401642607908567584e+01,-3.982520823118483122e+01,-9.928495617115665084e+00,-1.131890841426232583e+02,1.950331574123287339e+02,-4.254601948443652049e+01,1.277023626666534284e+01,-6.444242362844900640e+01,6.076814845492783945e-01,8.560849593860710627e+01,1.680308722557623469e+01,-2.232157682687999767e+01,-3.896447043357481732e+01,1.598280840270230030e+01,-1.995111889227645818e+00,-3.375694650327503155e+01,-4.225570377466542027e+01,5.488355848356157907e+01,-9.315953185814922932e+00,5.759214703502026467e+00,-4.826955807191036740e+01,8.301770581997865861e+01,-4.188623243586869194e+01,-4.397095549012936289e+01,1.212808414687344225e+02,-8.442868197928869733e+01,-9.814301680471334777e+00
-9.375770358928934911e+01,7.569718491026981155e+01,-1.919791355996825644e+01,5.579667636574035328e+01,-1.593395562907812391e+01,1.905987501993567435e+01,5.660527477288866294e+01,-1.706525428069936368e+01,-7.800775191275931775e+01,3.765914917073409640e+00,4.517759684747439053e+01,9.202655435994475397e+01,-1.170821010302537104e+02,-1.680365370521737418e+02,1.130567169495489708e+02,7.917953458638302777e+01,-1.905418042414225965e+01,1.412615786016465691e+01,-2.702022132505585361e+01,-7.667855365356594177e+00,-3.692458932494245971e+01,3.102265932111232871e+01,2.310742674394964880e+01,-3.468121534560685859e+01,-3.002673175462828681e+01,1.183758108197438617e+02,-9.125223226087204154e+00,-7.903720445671858386e+01,-6.901103129667447433e+00,4.701658900577538702e+01,-3.177327280177775748e+01,7.597587557550242821e+01,7.061071040646874053e+01,-1.269998238331531439e+02,3.215972285033163303e+01,-1.205438253473612775e+02,-8.690076166483347464e+00,9.129639188744201306e+01,-1.076435079311382026e+01,3.645260563803986997e-02,-4.322673008819907636e+01,7.474430231709951045e+01,2.849799519851280394e+01,-1.021876874724235407e+01,6.907355918622735658e+01,-6.271692420121483735e+01,-9.572684018476419965e+01,-1.202741813994684605e+00,2.023550480340815838e+01,4.388469837921676486e+01,-1.582858822187852965e+01,4.122057274896311441e+01,3.995902626535858815e+01,-1.181429097156392771e+01,-7.359379210582196151e+01,-6.247540081586360117e+01,1.270145435334867159e+02,-1.484104394115375101e+02,9.807246664052414076e+01,5.024655915241514492e+01,-3.090880227938541935e+01,-5.279441071755249482e+01,3.997338334911662372e+01,-9.807117472381253975e+00,-9.375770358928934911e+01
-1.106306605751554031e+02,7.415723337041644925e+01,5.450711150982959197e+01,-1.705416225701501887e+01,4.969533318515564702e+01,-4.332841864549203592e+01,-6.055675940875202912e+01,1.502254070441642320e+01,2.766264434303722197e+01,-2.842082020589536029e+01,3.531499257819945825e+01,4.412546779125880647e+01,-1.416805178956859095e+02,-1.279882661411374301e+01,1.119042448049750647e+02,3.534811805919136418e+01,-9.892032050682766453e+01,-3.948315919669257568e+01,1.083847249687417218e+02,4.276428478977591396e+01,-4.450752856476528052e+01,1.028101007434008807e+01,1.033059466702698614e+01,-9.535829709739209648e+01,-2.508538292702654715e+01,1.962342477184655820e+01,9.741266839157911761e+01,6.779852018029964711e+01,-6.713097737603689552e+01,-5.197553376495782373e+01,-1.322636378330864559e+01,-4.297011532259037381e+01,1.104953860544276836e+02,2.503965351638112224e+01,-1.558342138443183558e+02,2.869642939417131444e+01,1.196591061834778600e+02,-4.370798519571863494e+01,-5.526054781339069422e+01,-1.861646129978831965e+01,6.139790438158573949e+01,5.323699936902175978e+01,-7.484282802044046434e+01,3.634069519335865550e+01,9.359078622942485026e+01,-1.128582385706117179e+02,-5.743558818516359565e+01,2.605486063181534462e+01,3.136708682873973686e+01,-5.755571904720885357e+01,4.864097139149867388e+01,-3.558940637742821878e+00,2.632060760440658242e+01,2.773171088758137515e+01,-8.598035347373067339e+01,8.106867619128767899e+01,-4.785610683897881756e+01,-3.808713782614914578e+01,9.713693577814356672e+01,-3.258062323360819335e+01,4.470846648663356859e+01,-6.142263706211074492e+01,-8.958141617330214501e+01,1.124874510519249071e+02,-1.106306605751554031e+02
-1.431306523660196461e+01,-6.541673919053235409e+01,5.478237972956249280e+01,7.159058818187011752e+01,3.742381254251706935e+01,-3.621466579704760136e+01,-2.001835151809293123e+01,-6.791111520104695387e+01,3.384614134998263779e+01,3.653543031670876928e+01,-3.848642874347842735e+01,-3.842303791672064506e+01,-1.134044908720933620e+01,1.486938530844916073e+01,1.270831725394397722e+02,-1.445863932484797942e+01,-8.113798708622627487e+01,-9.997372549555410615e+01,6.226495626914461212e+01,1.194727552757746025e+02,-3.601080181393773927e+01,3.716196493653298916e+01,-3.552593612531964595e+01,-7.215155394706013681e+01,6.403197176154947101e+01,-9.618080333183912956e+01,4.136374328762769892e+01,1.084280848346241299e+02,-4.560391116585132210e+01,-2.712833089997262803e+01,4.116749695247856522e+01,-9.213197022273963910e+01,-6.086125702762992518e+01,6.088275673730704796e+01,1.108566506550444331e+01,9.734454612214899782e+01,-1.059739169600206665e+01,5.494846961342878444e+01,-9.863647788558600382e+01,-9.928397680418402160e+01,7.150498286836818806e+01,1.358539509417435553e+01,-7.802044565091023287e+01,6.718894285912008968e+01,9.521685159767706352e+01,-6.795927010972775406e+01,-4.041649054801527541e+01,-7.894158024179311894e+00,2.837012972812593148e+01,2.606845578381617656e+01,1.066534804855744767e+01,-1.831484651925956086e+01,-1.039914033186754523e+02,6.744981832964931812e+01,8.256149956898509856e+01,-1.723844428557820763e+01,-6.898642119980777920e+01,6.657930881154555891e+01,-2.920409669194899749e+01,2.599363006139012100e+01,-3.287401913367432371e+01,-2.538376574365502947e+01,4.465678261944722038e+01,-2.203448945259515313e+01,-1.431306523660196461e+01
2.135558562077449807e+01,-9.249328007140778141e+01,-9.012277451558436070e+00,7.726770953153211963e+01,-7.973958745675210480e+01,-3.637583956992465062e+00,7.153116406575264818e+01,4.624453541405291190e+01,-1.812395004951815025e+01,-3.068920009771596824e+01,-7.351364124483605167e+01,-4.789371936593255441e+00,1.817989687791010667e+01,6.003153553111815910e+01,5.688897249114486243e-01,-1.075229721993737400e+02,2.024047617560770789e+02,-2.503114643965212593e+01,-1.213795922262319351e+02,-5.625500794991135223e+01,1.113185034253650372e+02,-9.630711265884824002e+01,2.729278733037214266e+01,1.026452719389593113e+02,9.293639288297762846e+01,-1.505826462044559548e+02,-1.389807194257884362e+02,5.057892288461772523e+01,1.208793323582022481e+02,4.234708632100943504e+01,-6.924859269509357773e+01,-4.724657806417383199e+00,-9.476118142908157438e+01,6.207986406436448590e+01,6.849666681255064304e+01,-6.442803552897601094e+01,8.283474623472137921e+01,2.780489533144866243e+00,-4.827108498658184033e+00,-1.119556509646902924e+02,2.734375405225549116e+01,-2.890973692199093392e+01,2.853314932620846278e+01,2.392633247843601652e+01,-9.689585444914334289e+01,1.535241631283713275e+02,-8.584557498983114954e+01,8.347537641694154331e+01,1.808279858887924263e+01,-1.384512463798490067e+01,-6.951713458785323496e+01,-1.075185365705953799e+01,6.841059469968320172e+01,-7.273234394696103777e+01,6.317998487421210285e-01,1.300316094764885406e+02,-1.253490178154707309e+02,4.685289470555751734e+00,5.337225411346175008e+00,-1.204103322359858907e+01,-6.042284464988290438e+01,8.407608741109496009e+01,8.147902795297022749e+01,-3.699751539805755840e+01,2.135558562077449807e+01
3.153321617242690067e+01,-5.391939701683713793e+01,8.372070013635331520e+01,-5.748807628097097222e+01,-1.068117738824139451e+02,5.471513850969148507e+01,6.868936535898643569e+01,-3.208890789830815038e+01,3.860942386266084725e+01,-7.044817184735006066e+00,-9.120456411805091079e+01,3.030301935398074065e+01,2.421398423518626331e+01,4.124486743174195169e+01,-1.779560772643227722e+02,1.209596682695745926e+02,7.755442392612592073e+01,8.115822240706880564e+01,-5.851405802289816549e+00,-2.137167578914704791e+02,-2.183309483274929619e+01,-2.273500858666753288e+01,1.260650847556309913e+02,9.122922222470172926e+01,-2.211983445987563357e+00,-8.683699977058140007e+01,-1.371889181638721880e+02,9.358873824495888982e+01,7.868997838324483496e+01,-9.838931744382858824e+01,-1.030033420907215458e+01,1.531353708803857785e+02,-3.321259272351812797e+01,-2.342678332438656241e+01,-2.237060904182414589e+01,-5.515788726140391951e+00,-4.458583885582179818e+01,1.103003111882578935e+01,5.582311165025020472e+01,-1.600632956056471556e+01,-5.634491601880509393e+01,4.077026856365478125e+01,4.934631029154508042e+01,-2.481115313330246863e+01,-7.262496600590993978e+01,4.267381477413759683e+01,8.692459427240412140e+01,-9.044162302154758493e+01,7.614560296370913761e+01,3.835422472776009073e+01,-1.244050945617371013e+02,-3.061119728134615414e+01,9.004977684419402806e+01,4.679242307177301541e+01,-1.237863893711193839e+02,-3.600607920792135985e+01,1.051082483640325762e+02,4.091713874862794142e+00,-9.114095420551464599e+01,-7.811395686317922582e+01,1.185216220232391890e+02,2.682224577854768910e+01,1.083406926301894657e+01,2.832239601219939118e-01,3.153321617242690067e+01
-9.680289622273188854e+01,9.369746384204911749e+01,5.201939395740861016e+01,-9.698556497908491281e+01,-8.098241160949081063e+01,5.285007316144277922e+01,9.150672207907003042e+01,-4.707159041598989546e+01,-8.694728538119690597e+00,1.275322267574693669e+01,-4.931641215656181032e+01,-3.494424730450516847e+01,9.721510662404368475e+01,3.537258429872102283e+01,-5.929916833962970202e+00,-1.564017176707923085e+01,-1.219154098711573511e+02,7.014693546457503714e+01,3.881176563781320965e+01,7.407019112747858003e+01,-1.547960853549229796e+02,2.060640082527943306e+01,6.593149691742675600e+01,-2.070884362547277746e+01,-7.911886187694454975e+01,7.002631693448077499e+01,5.218951443721915950e+01,-5.896804907294738740e+01,-2.488917305648480749e+01,2.836069041463446894e+01,-5.381223386305040890e+01,9.383477226565399576e+01,8.345496966248151693e+01,-4.931639397555087356e+01,-3.077141762062495900e+01,-5.556586607633288821e+01,-4.887395105865875422e+01,6.318389345446167482e+00,6.675543316636593261e+01,2.405280030993320040e+01,-9.398798362155230279e+01,1.031934415399589113e+02,7.753280742609177878e+01,-6.790251555288679697e+01,-8.059590418783389509e+01,-2.788842680253551265e+01,6.268574350252678329e+01,-7.811499944688679875e+01,1.654961425499643326e+02,-8.641400823221934502e+01,6.098044253114109026e+00,7.712819820849256303e+01,-8.532326880479692477e+01,-9.801428487335132900e+01,5.747898014961059232e+01,-6.214947988557181446e+01,1.392557798874270816e+02,8.313415132723612544e+00,-1.196061182986781191e+01,-8.992999879896169091e+01,-3.835331172321786397e+01,1.466133999094190585e+02,9.692677979416213674e+00,-2.772385464665927657e+01,-9.680289622273188854e+01
2.708663878006288428e+01,-9.915736751992091058e+01,7.468800343488466353e+01,-4.504259254411339697e+01,-3.650673661949343796e+01,4.424514268701678077e+01,6.311598424684583364e+01,4.398225474516063116e+01,-2.524008154977153993e+02,1.348595792234089004e+02,1.690297067654120440e+02,-1.497836857857099915e+02,3.604720257684604690e+00,6.117102829547977905e+01,7.336784961964700358e+01,-1.255328733505353966e+02,-7.198559584695084368e+01,-2.675784771887109770e+01,7.366372181213635884e+01,5.012428227028882333e+01,3.124181489506173293e+01,6.854705524220914015e+01,-6.320279842630218781e+01,-1.900348954919899143e+02,2.380715718849236140e+01,1.291804371187358811e+02,4.282679362921275867e+01,-6.913810775735009884e+01,-7.115300654290221871e+01,1.156886827477624422e+02,-2.066890847245922203e+01,-8.431150545415766828e+01,6.307108399567976420e+01,6.298852891098205475e+01,-9.138137273418699635e+00,-3.113638639417079901e+01,-3.350180213478823532e+01,-1.830165594755943914e+01,8.061575549650991945e+01,1.674722924601288199e+01,-6.068537392426866006e+01,3.287737485851397423e+01,-2.150548774770355465e+01,3.067122351685072967e+00,-5.860507547842467524e+00,-5.196366831209697068e+01,-4.026745263057448909e+01,1.134407365954096036e+02,-8.388488366891448322e+01,-4.286803105405981995e+01,1.431136183410107776e+02,-2.024969488906673831e-01,-8.837718114073499009e+01,4.511550722032224314e+01,-4.865904410442902162e+01,6.287656801831713693e+01,3.868506661942502944e+01,-1.059545057229004428e+01,-5.638797971389040242e+01,4.734868515474524031e+01,-5.158315155876012170e+01,-2.798611251591069404e+01,1.078509477690826657e+02,-5.944753731842367017e+01,2.708663878006288428e+01
-3.611877587805972922e+01,-5.203571365521110437e+00,1.875138495590434218e+01,-1.993462584764380985e+00,3.861805769057642124e+01,2.819512053651005346e+01,-7.596542123452003636e+01,5.831456279157677614e+00,-2.183419963658654694e+01,-6.394242552649626532e+01,2.110504881923644689e+02,-1.675717517822187830e+01,-1.019898000450450866e+02,-4.812525314389399256e+01,7.165936221522575522e+01,-3.466137345381360291e+01,-2.050901369194974677e+00,-4.999000565798844775e+01,-2.542784550246409481e+00,8.248194963325597939e+01,6.393075205394350746e+01,6.190199210131429197e+01,-1.480821024143202749e+02,-7.428547620610326874e+01,2.691555396249995624e+01,6.358640019342669802e+01,4.800926677718629776e+01,-5.989623357910028645e+00,-9.727511358723640456e+01,-1.898976097276044328e+00,1.173268744444296061e+02,-1.413247147725801938e+02,4.251614016306807287e+01,2.568237431661081871e+00,8.556980129094679910e+01,-2.788407079321288506e+01,-4.179474051621987485e+00,-9.600357748363860821e+01,6.463096761658829337e+01,1.174989477738659218e+02,-1.093752420688991833e+01,-1.561709955524864881e+02,4.137237895186161296e+01,9.543835735676096022e+01,-8.316558955387199603e+01,1.656719127820041138e+01,-1.130531583470184742e+01,3.619547866049363449e+01,-1.549258277438059679e+02,5.757533213991926857e+00,3.257545516840366417e+01,9.438552860927035226e+01,9.272075793758489226e+01,-9.528836496796675704e+01,-2.547092316264794931e+00,1.785673834788665459e+01,-1.432041465873666652e+00,9.704965529382417344e+01,-1.425744492612181773e+02,-5.195742273402700562e+00,1.382436817894198455e+01,3.995120160029278367e+01,-7.254519645006783435e+01,5.944902010536399928e+01,-3.611877587805972922e+01
-5.829488258792068223e+00,3.543880322428223906e+01,-1.014057324012415222e+02,3.916396911755306576e+01,1.176960716602638115e+02,-4.628467011368882567e+01,-1.280186211088755783e+02,1.700271080857501715e+01,6.306163986894296158e+01,9.561000426472610059e+00,1.235611510184563855e+01,2.110660878565386511e+01,-3.677347500210967723e+01,-4.058858083774888570e+01,-4.856145224568680874e+01,4.630445004445552826e+01,-3.005668364942222581e+01,7.594888236883400623e+01,-3.998857384763027767e+01,-2.365659309928537013e+01,4.394879786889436701e+01,-5.520051153613274586e+00,1.639536962609559367e+01,5.960147850000335978e+01,-8.440983369571679873e+01,-3.621257733303362158e+01,1.309899737224166074e+02,3.591401572032825129e+01,-7.623506241000859518e+01,-1.868133373056567166e+02,1.200070742858509902e+02,2.379000276705455974e+01,-1.349680410165950128e+01,2.724931661401124217e+01,-2.056681367572187469e+01,3.760151897353664197e+01,8.160709049522793634e+00,-1.778124150146979332e+01,-1.649525737875685536e+02,8.911928522330370583e+01,1.319621021423876925e+02,-4.336142009909341510e+01,7.930042095569625360e+01,-1.764017336819107982e+02,-6.919059115207562627e+01,1.371818977514287212e+02,1.318766037803835900e+02,-7.703733604997270845e+01,-1.666301299182476612e+02,2.931995581865571410e+00,7.218978263230664538e+01,-4.071028093333372766e+01,1.027274305790728022e+02,1.344518316046737425e+02,-1.273438074125555630e+02,-1.496374670237042324e+02,7.829008148132911060e+01,6.108272280137712329e+01,3.366099206002978406e+01,-7.890836153857713953e+01,8.080616391677574484e+01,-6.564816685140698382e+01,-1.099696860645020422e+02,1.351113272090861983e+02,-5.829488258792068223e+00
1.133927907959886738e+02,9.974541191991619371e-01,-1.190912983464501593e+02,-5.656018792887374502e+01,1.249806944943474605e+02,-7.422565801583976963e+01,-3.010722969881364719e+01,3.004852073092292031e+01,1.215717142030332809e+02,-2.332979254972143224e+01,-1.055136116071183778e+02,-9.192615964572468101e+00,5.195527788898208854e+01,4.105655612773203700e+01,-4.122382487259599770e+01,-1.911847231804986791e+01,1.732105653594275907e+01,6.608257771422374915e+00,-4.177736461288182213e+00,2.405983062582295062e+01,-6.650725580805635673e+01,-4.377440618871602851e+00,1.881016445008782867e+01,6.352503364514243600e+01,2.741928496371034640e+01,-2.154362086877850402e+01,-7.601412810926463237e+01,7.413651255020185715e+01,-2.516621342905821734e+01,-3.998344984539711788e+01,-8.756408323894960688e+01,1.483793655065651365e+02,2.960202577099196475e+01,-1.550425730856382955e+01,-5.043238742860665980e+01,8.126641077073784913e+00,3.469379977130540738e+01,-1.671128938751811432e+01,-3.291824891197645542e+01,-1.047721849125434801e+02,1.051488340334871481e+02,7.581916219780063670e+01,-8.176643103935161605e+01,-1.460749774392320148e+02,4.870124228327073013e+01,1.945295821347236256e+02,-4.935445229535815770e+01,-1.268165522937770540e+01,-3.367696836113336900e+01,3.023653475749073749e+01,-3.685333653851468227e+01,1.757454783245793095e+01,-1.214921093346846419e+02,1.081579918648936172e+02,9.567694008558908081e+01,-9.860537563944767214e+01,-3.950493000188188830e+00,-4.389096826070310442e+01,4.042847166218967203e+01,6.378299815397236472e+01,7.261421485729837855e+01,-1.912176822997358272e+02,6.349329668518409875e+01,-9.249360508195401565e+00,1.133927907959886738e+02
-3.746599462325593777e+01,8.915528333700017072e+01,-7.700240509445276871e+01,-5.465322882148526418e+01,1.015745949760755451e+01,-6.482810434300446900e+01,1.286844451099603361e+02,5.332461877966889574e+01,2.163989330391047972e+01,-1.087623065503704680e+02,-1.377416788228094333e+02,8.450965267064719910e+01,1.288028553310181792e+02,3.143746599587261414e+01,-2.059833773431198978e+01,-3.065868738006025040e+01,-1.520036762740173764e+01,-6.283479511206057566e+01,-1.414447881311851063e-01,4.340983813103765954e+01,2.747869833965777531e+01,-2.006763605998724032e+01,2.321215682774845845e+01,-4.689998766626735005e+01,1.315606456167728311e+00,1.560834425677690263e+00,-3.889705685884067776e+01,4.296883757499310263e+01,1.452012764410271650e+01,1.503752821515904259e+01,-6.899367883693585668e+01,8.563941559069803588e+01,3.085086024209999422e+01,-7.302733328828122694e+01,-3.838986303270381484e+01,6.636956098543544158e+01,-3.234069427316752154e+01,1.209077945522525255e+01,2.758768444957762966e+01,-1.411521834531427189e+01,-1.285090468952766969e+02,4.611718742229440693e+01,1.114105523021135724e+01,4.541782499520702743e+01,1.118329802796214096e+02,-1.298907972759211020e+02,-8.512997727737813491e+00,1.681091654916343714e+00,1.048456585710304978e+02,3.471876546275602493e+00,-5.736898741817662284e+01,-2.830930791219956433e+01,-2.931068018655590635e+01,-3.439564193732782371e+01,9.294724951222529796e+01,6.276747878420681559e+01,-8.557766205656290026e+01,-5.239365749613144629e+01,3.946762229030943558e+01,-1.769589229121626772e+01,-1.833753922508544321e+01,7.217110378940344617e+01,1.990408211615737955e+01,-1.859778387409146916e+01,-3.746599462325593777e+01
3.748898566485994621e+00,-3.098718953388491215e+01,2.520939782297087106e+01,3.100349654573292923e+00,-7.214398430116544603e+01,-3.947713792773485153e+01,1.022460039075444911e+02,5.750581575798221934e+01,-9.934671937301828848e+00,-3.259447316116229842e+01,-5.223806449753028858e+01,5.869949358036191001e+00,8.307996882224583146e+01,1.572294176286592560e+01,-2.339429348844947043e+01,-1.152127415535655928e+02,1.366228697438454276e+01,2.991552025300973128e+01,1.937439013934037746e+01,3.663594927548150082e+01,-6.285720152153295714e+00,3.642139399298869762e+01,-3.286527834650227931e+01,-4.356327220397109556e+01,-6.221259076215025274e+00,-4.949479786965005701e+01,5.107837096219587814e+00,2.921128579577744233e+01,1.221572251088391567e+02,-3.600453239791723092e+01,1.333355440137439984e+01,-4.133953829156889270e+01,-7.699626493738938393e+01,-8.498740336157840147e+01,1.912529790724769327e+02,-2.831279877973447157e+01,-8.861686956771598034e+01,1.066082820456158800e+02,-2.340073876746244963e+01,-2.803272019479842925e+01,-1.059087815920418620e+02,1.425201161824886071e+02,-6.680545766532438279e+01,1.040592783722858883e+02,2.028148259825607624e+01,-4.421954725454402535e+01,-3.910279512035654648e+01,-1.177922090072563321e+00,7.534700085280564963e+01,-6.094706017293050593e+01,-6.499811732180276636e+01,1.384949366265614401e+01,6.018194116691036299e+01,-2.853470970048787692e+00,-4.443302122728805870e+00,4.906081085984078882e+00,-6.049019467657958415e+01,8.406598519215620513e+01,-4.504336074914197496e+01,-7.896963957542567414e+01,2.612250977954371933e+01,4.472668421735403399e+01,1.778367801046337604e+01,3.055118729331992355e+00,3.748898566485994621e+00
5.362078493242596977e+01,1.063375113576494790e+01,-6.587475519776603505e+00,-4.692347883825086541e+01,1.953045407099516950e+01,-1.983064567002148948e+01,-4.109460256304193138e+01,7.887891316728735092e+01,2.005077071452661386e+01,6.255101538711926423e+00,4.475515955743301966e+00,-6.574648187505118813e+00,-6.058538117440883042e+01,4.714499224966711211e+01,-3.715271555117389823e+01,4.618518951303869358e-01,-1.089255907062197508e+02,1.194005240653466444e+02,3.679390255836595713e+01,-2.064051646053553668e+01,1.483805476701292037e+01,-4.538343118923688735e+01,-1.342185635929942222e+01,1.790681529517996395e+01,4.268373534668187119e+01,2.160103564462642822e+01,-4.504942127339469948e+01,-6.935211104119323977e+01,3.651357075191084078e+01,1.000454861763203667e+02,2.236927086272235599e+01,-7.617659934147343392e+01,-1.861348390869200387e+02,1.351438152352699831e+02,1.095651936622691949e+02,-6.367994104242387010e+01,-2.594644599155000009e+01,-8.025317112633713634e+01,1.199292063323482864e+02,-7.009188145949178761e+01,6.386744137444070191e+01,2.574676464859245328e+01,2.478902721215263227e+00,1.531833315942051854e+00,3.302918671668493289e-01,-9.516047759512775883e+01,-4.789999907319462125e+00,9.871769105097712327e+01,3.712107726657859530e+01,-5.013571462283773883e+01,-1.134506084398425969e+02,3.666992667793780214e+01,1.297860462292393358e+01,5.315440650925765453e+00,1.053859142375416127e+02,-1.236987751097126136e+02,-1.994164588901829660e+01,2.623669609479349418e+01,7.423866482071002793e+01,5.740303504063167139e+01,-1.264509773928394054e+02,4.182104677492917233e+01,1.276020298922545848e+01,-6.301332897388719800e+01,5.362078493242596977e+01
9.298565730685942299e+01,4.471245261847588637e+01,-4.111315969512867241e+01,-5.647078956968765340e+01,-8.541545332673493363e+00,1.125451029973372528e+02,-1.119813492100115155e+02,-8.078850646725776130e+00,-1.435683812207843246e+00,3.260145974072268160e+01,-1.998475999030077332e+00,4.290388856099499293e+01,-2.386132784128472295e+01,-8.766952266131846727e+01,1.269323736135188483e+02,1.731196943049095438e+01,-5.138180476385305440e+01,-7.483254775985928120e+01,6.708486742100042477e+01,-4.956947700168633730e+01,9.738182463976320946e+01,-4.931542904539438865e+01,-9.556134051089209436e+01,1.014469289357297441e+02,5.949986510933977968e+01,1.080549120601480695e+01,-5.474135265579639054e+01,-6.401209910730737818e+01,-2.867814097002821327e+01,9.437570980232352724e+01,2.048208242812807356e+01,-1.373680363591371929e+02,-1.684593785344652872e+01,1.223949624199580626e+02,-2.251699559633971859e+01,7.785094813882246001e+00,6.373110299724721273e+01,-1.686452459755375344e+01,-1.205473091047389289e+02,6.330433126986982728e+01,6.950378334147407600e+01,-3.539610684050791889e+01,-2.048408535915884698e+01,5.014481905998813716e+01,1.418343742109904149e+01,-1.559332741824119921e+02,4.738025692262888811e+01,-1.284704424644274212e+01,-2.741073305937821658e+01,1.077488712524528154e+02,7.105774741762142810e+01,-8.757631996741915259e+01,-8.529017105524197007e+01,2.661175420589450624e+01,8.566783655929064878e+01,-2.929904658757260449e+01,-1.220114027781097477e+01,-1.624215272171363367e+01,8.583340536715348890e+01,1.576876524548488234e+01,-7.747354140727617278e+01,5.352710089381732672e+01,-9.966014604082710093e+01,-2.251348115869928890e+01,9.298565730685942299e+01
-1.868329184544617760e+01,-4.673270488296830649e+01,4.112966320003465626e+01,8.581768811867982549e+01,-3.950716682993517281e+01,2.976589329351748603e+01,-2.593099755145907181e+00,-1.218417199769610306e+02,-5.490024139909134959e+00,-1.468143441082493084e+01,1.010226365678936133e+01,9.312912250371905998e+01,-3.976507019349867278e+01,-5.195422516670944901e+01,-1.133051188788466845e+01,2.199491687334746075e+02,2.342632104742146026e+01,-1.894675231635519594e+02,-1.079154310697389008e+02,9.631888473547593321e+01,8.321710842203995639e+01,2.814344573851209930e+01,-7.259315924615000881e+01,-7.410140363171977640e+01,5.883354521887233801e+01,-6.546796188408855244e+00,7.920206482137638204e+01,-6.708718487140218656e+01,-3.492283798523121874e+01,-1.110311765450515509e+01,-1.771741719942592397e+01,1.600651749857032513e+01,1.059274142389881348e+02,1.261373975585868834e+00,-3.900796095830443733e+01,-4.120121019166111864e+01,-6.311864135930278508e+01,2.021132120127100507e+02,-2.067083281663041205e+01,-1.930578250717617266e+02,9.466668227124941382e+01,-2.094872846692166490e+01,3.740764376663833701e+01,2.346024800710955915e+01,5.256915925317560578e+01,-6.356699793507194585e+01,-1.685885265000185029e+02,7.081032544641686854e+01,-4.960793398864344894e+00,9.626896949118491875e+01,9.720843769106076593e+01,-9.314796429904698982e+01,-1.921277646682620599e+01,-4.550450599289005282e+01,-1.278565789341814884e+01,1.582129589612579252e+02,-5.826058946017239748e+01,-1.001279563790120051e+02,6.467216993463904373e+01,3.350456948974641591e+01,-5.819011497128074240e+01,-5.793750526560337732e+01,4.695143045489838585e+01,4.424642554305957276e+01,-1.868329184544617760e+01
-8.673710403462942509e+01,-4.466267755280616569e+01,9.152901049570832015e+01,8.608563571360051014e+01,-1.359623432101525253e+01,2.249531576810384337e+01,-7.160904287575444016e+01,-3.583918923980877480e+01,6.871116506653425660e+00,-3.895837573797004438e+01,1.506438558333544364e+01,-6.831732849292130538e+00,1.049189461739015314e+02,-2.737370553876723989e+01,-9.422383992301983824e+01,-5.729494678069825397e+01,1.568940054071302939e+02,3.083552001195287673e+01,-4.974215136803479709e+01,8.565240474690885719e+01,-1.177602558122985954e+02,-5.016395226930399076e-01,9.561373336844636128e+01,-1.009849217192013384e+02,-1.638056502688637295e+02,1.081413748278154117e+02,1.206195220161732351e+02,6.074697516703376721e+01,-1.053107347190472467e+02,-5.237688061532796269e+01,-2.646070849425839100e+01,1.280540428834996760e+02,7.117025799131882025e+01,-4.196963120015726645e+01,-7.775361746685557307e+01,-2.576175277130173313e+01,-5.099474164542692733e+01,-5.203396558258461368e+00,2.140467504642094525e+02,-1.080016043744882950e+02,-9.243365767964978374e+01,4.842351162145076415e+01,4.736449869077566177e+01,-5.002039445284881936e+01,-5.484445698394186053e+00,1.437050477133277866e+02,-1.131871831335712955e+02,-9.190863138619026529e+01,-8.948495259570563576e-01,6.612579851734832914e+01,6.675425595674255419e+01,-2.845580097144931386e+01,7.196881231880709606e+01,-1.165382388013436810e+01,-8.671938831255880586e+01,-1.961401588064469692e+01,3.092335150116063858e+01,-6.542453684758800847e+00,-4.708620991237027908e+01,4.171224689766351901e+01,-9.526759802992350146e+00,-6.052202153019492670e+01,1.195879285203351401e+02,-7.500277621713397735e+00,-8.673710403462942509e+01
-4.078105122056341258e+01,9.743463776389739905e+01,-1.054762658108119524e+02,6.197900789393322896e+01,1.217349486939269632e+01,2.238809215590827151e+01,2.092487164965262991e+00,5.996535667704549155e+01,-6.237759425015594417e+01,-8.051990554149597301e-01,2.441396818351578091e+01,-2.369600597681585441e+01,-5.611212483055779643e+01,2.956367554018902410e+01,6.606366291685094438e+01,-4.186601296128930016e+01,-1.110607990683330399e+02,1.125844171181668969e+02,9.016180925561238269e+01,-7.359714037029129940e+01,-9.399931674084125177e+01,-1.253335189329532540e+01,1.357996722158454190e+02,-6.938944889981462438e+01,-8.359737833495168502e+01,5.949568054583771470e+01,5.293553030497547240e+01,3.569074297896601422e+01,4.458964107938104604e+00,-1.217860379070864383e+02,3.195563044305437828e+01,6.753853071202330227e+01,4.091194145577789243e+01,-6.677796717903913759e+01,2.041298610863051977e+01,-1.948479525324679429e+01,-3.349996890382854531e+00,-1.177219420536847565e+02,4.249915230653907372e+01,1.634410671345276853e+02,-8.845094352666521331e+01,1.069942053723280040e+01,6.790460525478607678e-01,-6.938120370252090652e+01,2.808049077685502937e+00,5.620174824180192985e+01,1.216666791852889133e+02,-1.121526627744224243e+02,-2.823177079646533727e+01,-9.576896186196987060e+01,6.038052269652006743e+01,4.239673673209601645e+01,7.303485049042171795e+01,-8.498550598828149560e+00,-4.181347154211319150e+01,-5.764609174541728009e+01,1.047256177764330687e+01,4.626133149760882901e+01,-4.541517777772691744e+01,3.013996089391271482e+01,5.261617123038155874e+00,2.116659225369442154e+01,-3.751673494667485187e+01,-2.584162644370466566e+01,-4.078105122056341258e+01
1.576741032436970613e+00,-1.638559879835332467e+01,-4.267813457551552148e+01,-7.503642595885484923e+01,1.685210504875021229e+02,4.274127186241469190e+01,-1.118360294584249601e+02,-5.011930814738347095e+01,9.872089556304818814e+01,2.879367149921660030e+01,5.352792488331102305e+01,-7.049101078381508501e+01,-1.133261621924616236e+02,2.800337227411008456e+01,3.680074330098403834e+01,1.624423208411727870e+01,1.233694882737744933e+02,-8.231660389101116948e+01,-4.726996086821047527e+01,-4.272580457800864906e+01,-5.479703341893103641e+01,3.681971293630892461e+01,4.194513044147866765e+01,5.890858759789117016e+01,5.503999774631095576e+00,-3.228229027004733354e+01,-8.840590201793823155e+00,-5.071979215638251048e+00,2.817962176397259100e+01,2.364441015895594234e+01,-7.476900758233013278e+01,3.740382286791609889e+00,1.213630092223088752e+01,4.395484699847887100e+01,-4.568463648261148080e+01,-4.315577769520471918e+01,9.035253005732923270e+01,-8.849163952012096956e+01,-4.149777977175842381e+01,1.055093047492442224e+02,2.681995698804525219e+01,-9.617103004576200931e+00,-4.964599839548476723e+00,-8.815572083840115170e+01,-1.399525367045324842e+01,6.969147122235365543e+01,9.591729356480436763e+01,6.055877204243316214e+00,-5.834399707507601107e+01,-2.038491629538582472e+01,-8.572921911732792921e+01,4.607792534666663187e+01,2.319658231657549408e+01,-1.238162760618452296e+01,-1.512335265743283230e+01,8.205537112243867170e+00,2.137744862277053315e+01,1.548925519345199930e+01,-6.412988351603389958e+01,6.801454188476181173e+01,3.968055009419908430e+01,-3.520946067242289246e+01,-8.464061765918425806e+01,6.993086686415772135e+01,1.576741032436970613e+00
-1.997122870750701651e+01,-1.266036995557839333e+02,6.349257062546216446e+01,-1.079459902886062252e+02,4.319918639205152289e+01,1.054957972725627116e+02,1.025883791637113518e+01,-2.320889362570182470e+02,8.189744069937954407e+01,1.010601634003091505e+02,5.926862561836043142e+01,-5.893364207369306484e+01,-6.026416635263736055e-01,2.080910026904491517e+01,-3.072776724166191542e+01,-4.027441433061570564e+01,1.465656489685602004e+01,7.343078139719810338e+01,-3.454590400318472376e+01,-1.335263122209362336e+02,6.981250141788046903e+01,1.276351834160991814e+02,-1.064725300562173516e+02,3.354046083943094203e+01,3.676129912122505772e+01,-5.328609058049923419e+01,6.469041878614977037e+00,-9.514530486640639140e+01,7.888996602503979716e+00,1.705513900347673086e+02,3.965728173514366972e+01,-1.051460733316352218e+02,-1.045065231862585335e+02,9.372620831263512287e+01,-9.828997997567191192e+01,2.406728399667991170e+01,1.061789302040021852e+02,-2.311536025215660928e+00,-1.200957940115146698e+02,3.553271000885768416e+01,5.506600011491660496e+01,7.086446221576989046e+01,-7.609122014076737628e+01,-9.370033227135118636e+01,-8.169573129576953363e+01,1.507142179851032324e+02,6.469681826283353132e+01,5.199263822000391144e+01,-7.881255928513155595e+00,-5.032534757016409799e+01,-1.062641771475458370e+02,7.449037210169382206e+01,5.847474479156817395e+00,-6.252155385008175870e+01,2.641672536563686791e+01,1.530136022754041747e+01,7.250672246179163949e+00,-3.133302958795624704e+01,1.413065382943721637e+01,-1.351494558150467817e+01,2.827889538038212791e+01,-3.566634324143436174e+01,4.591623657174479689e+01,9.311142193520592514e+01,-1.997122870750701651e+01
4.380336716019419185e+01,-4.294148789284012935e+01,2.084109660629968275e+01,2.194350905701174526e-01,-5.992736979864177016e+01,-4.688125131579592164e+01,1.088865694213012887e+02,-6.410872455073577214e+01,-5.943158326531235502e+01,7.966635501325799851e+01,-2.942937297353716986e+01,6.600654199469295236e+01,-4.569975071719639459e+00,-7.898670317850644551e+00,-1.580846977055086811e+00,5.066530955201564268e+01,-6.607538866545287704e+01,-3.096785852707861508e+01,-5.419045312621780397e+01,3.604381875531487367e+01,1.764898048949104918e+02,-1.033512686813212724e+02,3.923485893289993953e+01,-2.802972887162613347e+01,-8.474561351297737133e+01,6.470986253169428437e+01,-5.047965335392152042e+01,-9.366803130805715227e+01,1.687505139649816783e+02,-4.235103109388676756e+01,5.223454990818863308e+01,-4.602312445491911319e+01,5.136123999510105875e+01,-7.542315545825661616e+01,-9.663210859187063306e+01,1.240830410853356938e+02,9.244328716423351011e+01,-2.221292716390180999e+01,-1.567181156894618823e+02,-6.114554618616196535e+00,1.817613789541737219e+02,-2.672920805925069132e+01,-9.521980217965356985e+01,-4.209943950047986760e+01,-7.419327687258407877e+01,1.010152752507678002e+02,1.163445153717145075e+02,-5.002453065957490708e+01,-7.162551329249215115e+00,3.226175341514822037e+01,-9.171846086984172075e+01,1.467504764887498254e+02,-2.024790984334363770e+02,2.614122577141568726e+01,8.653608126070400886e+01,5.982734084015444864e+01,-4.291512655763406769e+01,-8.057525416583798972e+01,6.161220731498964653e+01,5.362463696214079079e+01,-8.268409738217262372e+01,-2.667440821494487935e+01,5.985342370104733334e+01,-4.940417896283776145e+00,4.380336716019419185e+01
8.618593546388073179e+00,1.098407647393127178e+02,-2.239208252182192282e+01,2.816764709858077254e-02,-6.776434699129960393e+01,-8.396018121060828321e+01,1.348821603694177185e+01,2.249669195369787076e+02,-6.395041515759989892e+01,-8.267149933551165475e+01,-1.124045231174359571e+02,3.749856399705578980e+01,1.554229055770085779e+02,-4.273830657346350392e+01,-4.202332744787302232e+00,-2.867793294629865386e+01,-1.975603890269536578e+01,-4.672162072196339722e+01,1.420337889602776116e+01,1.904693789014671665e+02,-7.969589134355675242e+01,-6.953487214792019699e+01,1.900210920290987460e+01,-2.744555784712298419e+01,4.018752516681924902e+01,-4.118063287752210044e+01,-5.173951402966655166e+01,1.616351169307948510e+02,-2.226167662480222020e+01,-6.892757652752725051e+01,-6.074887971748036364e+01,3.013097688556277376e+01,1.161391871416055039e+02,-1.799506854218840886e+02,5.498641577325379615e+01,7.989026637716330015e+01,-4.460022438631991548e+01,9.340371246352839663e+00,2.433223914916867159e+01,3.023065139867439299e+01,5.634530722369127886e+01,-1.108300009034731488e+02,-2.861718884403610730e+01,4.043505716931416316e+01,-2.036334785056775232e+01,-1.420510036101535434e+01,5.124116627691979176e+01,-3.304930779096821425e+01,-4.818401069535983083e+01,-1.689179658769589309e+01,1.686000538042124219e+02,-1.049052013442777422e+02,-1.444804200566913153e+02,7.500322869037643159e+01,1.727006043307076766e+02,2.261327917709257207e+01,-1.025456486984274562e+02,-3.808603078987277257e+01,7.071301614942314018e+01,4.881350888592985626e+01,-1.052616966576246540e+02,-2.229295190222578071e+01,3.298752006509538148e+01,-4.882699629382318562e+01,8.618593546388073179e+00
-1.277566911198233512e+01,1.577434643797476213e+02,4.206885188875089909e+01,-1.454648349370912186e+01,-1.133676880795355117e+02,-4.097461825138200453e+01,6.629385107732065308e+01,1.330590995825184848e+02,1.130813473253093093e+01,-9.786914163683898948e+01,-8.304244454015704946e+01,3.097551538429197393e+00,8.506598594832006199e+01,-2.286866419780718473e+01,4.571316968296221006e+01,-7.054750005381890787e+01,-5.150018317945817614e+01,1.217711293163989694e+01,1.208797101280656392e+02,1.899086018921130758e+01,-1.374151558814457132e+02,2.276997280620746267e+01,-2.420850682772231011e+01,1.845980847241839840e+01,9.161119699714731723e+01,-1.782815865713317294e+01,2.966316384442419007e+01,2.121767211071463777e+01,-7.406511699801784232e+01,-3.365492023858542581e+01,-5.893946185983227792e+01,1.006015699483573655e+01,5.946351539147279652e+01,1.789058223676806847e+01,-2.874041736163896132e+01,2.939728820469778015e+01,-4.523966194258264295e+01,2.955862987620756499e+01,8.915701297995421726e+01,1.250116283210504164e+01,-7.832420092671128486e+01,-7.478382409772216022e+01,-1.447069226940570275e+01,1.440511113344212504e+02,3.634799060111635782e+01,-6.630525854997216584e+01,-8.640118968571405844e+01,1.112703209866932497e+01,5.760018760577887065e+01,-4.319103935641106773e+01,1.366719945430983785e+01,-7.682763963243144190e+01,5.824647434860193584e+01,1.129337307870290772e+02,-6.475145487742494765e+01,-9.043374327793635814e+00,-2.129800957121290139e+00,-2.412355011637000146e+01,1.571196561056069640e+01,-1.495754029556283626e+02,1.313322589181194076e+02,1.764515172931363054e+02,-7.875902471068583566e+01,-1.893471781031535670e+02,-1.277566911198233512e+01
-2.103748186971510137e+01,1.067149367950525658e+02,-1.826982570037984033e+00,2.451216869111754448e+01,-7.539922138423798970e+01,6.574313077488535839e+01,4.601643672149168651e+01,-7.673176332059756533e+01,3.905278568162923847e+00,3.474625767832947076e+01,4.464368514538310961e+01,1.572593669949964479e+01,-1.945010830442851102e+02,1.116728204030884228e+02,-6.428220349634639064e+00,-4.973547057102044988e+01,2.635397264845425980e+01,2.952769988278001279e+01,3.516293000624679621e+01,-6.929403611265831842e+01,3.541168865039482938e+01,-1.696296849316562572e+01,-8.865583237816291273e+01,8.250915700371925254e+01,6.939015322188775770e+01,2.401324565475082551e+01,-1.250033350064992987e+01,-8.794448319904572031e+01,-6.244345237362821877e+00,2.136995496141525308e+01,-5.770228501564911028e+01,6.329071611919209772e+01,4.212024530078090123e+01,-5.062995868026172985e+01,1.700544107712909181e+01,-1.908197277693291483e+01,1.834248345595732133e+01,4.357677497874699668e+01,-2.563085008503211526e+00,-2.251872305831713561e+01,-1.113360727674685933e+02,2.724981647002996965e+01,1.316037910523692567e+00,7.739249642174004862e+01,8.766691832081022540e+01,-1.029953943619985353e+02,-3.289565160472805161e+01,6.285619040845230643e+01,-2.924063068689923028e+01,-1.064422597843803260e+02,3.778468525942211897e+01,4.803195588244682313e+01,1.838427800853706060e+02,-1.040983800130572376e+02,-1.453073639396413057e+02,3.170278257003632660e+01,1.274595037353700206e+02,-7.728832187059617809e+01,-8.326042212524959041e+01,-5.810870193479424017e+01,1.875940557327841418e+02,6.799507898812325379e+01,-9.511728435794391601e+01,-9.679868620658015743e+01,-2.103748186971510137e+01
-1.176271890645852025e+01,-9.745132339518548292e+01,8.223067641724449572e+01,-1.924024635657694660e+01,2.665764681657167401e+00,5.737373223564926406e+00,3.933673322115325277e+00,1.907479890241398834e+01,-6.019354358816302408e+01,-1.443943999110443599e+01,1.574522291297537890e+02,-9.432480840222106622e+01,-4.364818764768413928e+01,-4.748927390270873516e+00,-4.228517632829888839e+01,8.562107537608241614e+01,9.737144568502884567e-01,4.366007927083870754e+00,3.816973652739420686e+01,-5.437515553466410978e+01,2.351070850760197573e+01,-2.453581433701144832e+01,-4.848856706512134451e+01,5.744059879599808482e+01,-1.306573683303573219e+01,3.028635053198719618e+01,-6.425738395997782959e+01,-2.521884260013511536e+01,7.617218006153386511e+01,2.384364376604547431e+01,1.945025237887206515e+01,4.783723220219082606e+01,-1.569518604231858490e+02,2.463403367170376157e+01,8.479897371167290032e+01,-1.414802295102010987e+01,-2.842527110924581280e+01,-4.546572280567337998e+01,7.759891255703188051e+01,-3.494182604737827091e+01,-9.522992260580022617e+01,7.017116226747162955e+00,1.107478449072422393e+02,2.903935548416884416e+01,-5.693397802458058266e+01,5.101043700306032491e+00,5.013499882464514279e+00,-6.371707504626056107e+01,-3.538515727755936524e+01,2.823624914621653659e+01,6.352608684984416954e+01,1.017314437312540321e+02,3.241728579092913520e+01,-1.206122714091577279e+02,-8.963925473144928446e+01,2.501319514572722369e+01,6.819462987251108643e+01,8.131169441749685234e+01,-1.566101408295611463e+02,6.119988264389917276e+00,1.779615155580260577e+01,5.022920397523108704e+00,3.822457871959998954e+01,2.578535535575932514e+01,-1.176271890645852025e+01
