-7.523662937071190493e-02,1.241303257635611168e-01,3.496060168597898699e-01,7.723142410784638034e-01,1.353152751445154678e+00,1.427975256706736751e+00,7.368285024885770085e-01,8.541497088135685534e-02,-5.163609314754461499e-01,-8.634582537998898299e-01,-9.168029400912707239e-01,-9.744062565844582302e-01,-8.837117042684468071e-01,-7.308309173226265054e-01,-7.476961229818201993e-01,-8.033435867354721260e-01,-9.064425261865758365e-01,-1.090662830739995037e+00,-1.216959713451001068e+00,-1.093762382816906520e+00,-8.262731432971832657e-01,-5.756570092392989668e-01,-3.655711730243593749e-01,-3.964220934830399168e-01,-4.715473067627884429e-01,-4.976082829347808767e-01,-5.982043517010241507e-01,-7.330749616223801723e-01,-9.149170404971396220e-01,-1.064373829540628646e+00,-1.092764892975793600e+00,-1.194269546772934065e+00,-1.205025721944971595e+00,-1.094984476908481774e+00,-7.973486520125064869e-01,-5.067316346505159608e-01,-2.006077722539179320e-01,1.326572315263324919e-01,5.104052445751570133e-01,7.632697179146903377e-01,8.860771098906246035e-01,8.894071074882711203e-01,8.166563197240420680e-01,6.325577834763019824e-01,7.206802949259278890e-01,8.302329443102438589e-01,6.554219281380017081e-01,7.629771984357052172e-01,1.184230004514901458e+00,1.662112691807267284e+00,1.854978035306093620e+00,1.564374532042248855e+00,1.164448972461975984e+00,6.466521018730286841e-01,1.318373100238395823e-01,-3.171329619122938981e-01,-3.980403174871129934e-01,-5.108921896859663914e-01,-8.329182548908684591e-01,-9.059583857608798363e-01,-9.645259613993152348e-01,-8.179662257667793535e-01,-5.940589319082011377e-01,-2.699040940349897166e-01,-7.523662937071190493e-02
-1.911597003062048827e-02,1.276171536698847420e-01,3.776936472527502864e-01,7.207475661281679269e-01,1.132389259443491003e+00,1.323013559898905900e+00,9.778139126394614911e-01,4.540856015057334050e-01,-7.243101965817630439e-02,-6.220501824446472705e-01,-8.766218132186328615e-01,-9.206478929762154095e-01,-8.663184806794037573e-01,-7.187496234789725325e-01,-4.684240342428347414e-01,-4.414108983521956020e-01,-5.450075135322175468e-01,-7.444704397733379331e-01,-1.058340032815862308e+00,-1.032734747344288495e+00,-7.555724382274214834e-01,-7.296752679329633340e-01,-7.328014474844374293e-01,-6.267525555613535637e-01,-5.648880311732852322e-01,-5.402496526556996859e-01,-6.050858720677633196e-01,-7.304190611865934990e-01,-7.700424951707738330e-01,-8.719797579820768307e-01,-1.139335241266373977e+00,-1.176276159614366490e+00,-9.268670411114920960e-01,-6.047187707013474967e-01,-3.545618792450950241e-01,-1.614057121506711490e-01,1.227393567572739319e-01,5.526845847419927793e-01,9.845302294537365828e-01,1.241973571519665587e+00,1.249101484938009321e+00,1.103344350343924640e+00,8.842396903356330995e-01,7.734402640224857794e-01,8.013722502242232038e-01,9.709077191409635210e-01,9.186034517262904320e-01,8.036968646838182906e-01,8.373178182584481988e-01,1.022426394341471756e+00,1.191394501410192763e+00,1.265761289788919441e+00,1.200753475235693646e+00,9.580257635513658165e-01,5.328871524306615370e-01,1.518766952063932973e-01,-6.621639731817197116e-02,4.569088209135596657e-03,-1.405622039866961104e-01,-5.828924843211348295e-01,-7.958021003850445085e-01,-7.356858088731865752e-01,-4.513436022360434174e-01,-2.425489617698013411e-01,-1.911597003062048827e-02
-2.243390572608997546e-01,1.001967991953561787e-02,3.268033651708773801e-01,6.553645194408123098e-01,8.074677962964494915e-01,8.108951442950527166e-01,7.535243866580199068e-01,5.937370711234742915e-01,3.358427382861149946e-01,6.708070670881027819e-03,-3.378479294536734789e-01,-6.816170322680684679e-01,-7.761348484643195711e-01,-5.937582156195757577e-01,-3.597594356486565337e-01,-3.755761630611004209e-02,1.330127652587667908e-01,1.901598038590291695e-01,1.793103472386580188e-01,-4.479232081225620332e-02,-3.289704608503808414e-01,-6.078765478031695757e-01,-8.555107048703958217e-01,-7.911225936640227108e-01,-6.551880330912225325e-01,-5.601203655142104054e-01,-5.555259098393469097e-01,-7.054026819408600879e-01,-8.309566133410581923e-01,-9.712697225454658412e-01,-9.320097590671525545e-01,-6.721435697197759573e-01,-6.079004105909744382e-01,-6.306972676330683258e-01,-5.980261454430753076e-01,-3.928316004423033081e-01,7.321543683631290267e-02,6.986321965865005534e-01,1.185024226681796300e+00,1.282122556747094633e+00,1.097696664597451077e+00,9.326787059311040240e-01,7.909479963789192158e-01,7.048310549144244375e-01,6.004331684250965306e-01,5.690485238056016692e-01,8.055872967498433068e-01,1.057760314796565959e+00,1.219860367141680557e+00,1.268126202230821953e+00,1.220966655993362515e+00,1.068887771496791039e+00,1.100819487403617014e+00,9.706303887064992031e-01,7.446356960708631068e-01,4.876980197734574474e-01,4.289460019466520002e-01,4.966197975124676534e-01,8.204789387890998320e-01,6.170262489738418399e-01,1.994562353124551546e-02,-2.816493793319805317e-01,-2.615274406508303340e-01,-2.284155389620715626e-01,-2.243390572608997546e-01
-5.746997471478262898e-02,6.204794015310902133e-02,4.205377334043595150e-01,7.438470905022503965e-01,8.162314243086044030e-01,7.522297536080454483e-01,6.262260583747022435e-01,5.536757220782477784e-01,5.531414484878437454e-01,5.239588208452936602e-01,2.721479367630469381e-01,3.613470335188583016e-02,-1.748405997702674741e-01,-2.950138247730536012e-01,-6.658994343274715622e-02,1.971630736272628193e-01,5.682540027021146800e-01,9.273233155587805587e-01,1.176756424460116079e+00,9.626862160330620366e-01,3.772689655250606178e-01,-3.109241221871932859e-01,-8.557796046609577045e-01,-9.494396247280809664e-01,-6.939655722323228026e-01,-4.759762346291913637e-01,-3.634132585017348371e-01,-4.897136327058049243e-01,-6.253367091483980067e-01,-5.293747850730717852e-01,-4.582236114134888849e-01,-7.041863436918227581e-01,-9.742316232916368168e-01,-1.014101001021120441e+00,-8.062565912580093030e-01,-4.629616341954192471e-01,-2.045921382504394259e-01,3.252584630247150332e-02,3.662855909745990068e-01,6.113098120304756300e-01,6.085579781793923893e-01,5.466912617157249077e-01,4.490599192435567599e-01,4.187850868674822813e-01,3.962301154764407696e-01,4.043268144928439112e-01,6.897051549313298890e-01,9.927181988309390359e-01,1.233489453541980252e+00,1.134034113391058085e+00,9.691269493589895756e-01,1.090766948169853201e+00,9.525777830653323619e-01,8.123459488729417588e-01,7.712260763736782376e-01,7.589154745694712823e-01,7.730833768124378835e-01,9.407267388116987705e-01,1.168171576316587856e+00,1.491199869838672143e+00,1.296587705497831422e+00,7.786956551941290883e-01,4.516620433138195390e-01,1.532815194998621844e-01,-5.746997471478262898e-02
4.838598295106736336e-01,4.972715794054784477e-01,5.171008177338418665e-01,5.869434902110799435e-01,6.361616917024429663e-01,6.560634240674922957e-01,6.394467835122982224e-01,5.430548280679681206e-01,6.935579715792474786e-01,9.154751992128982163e-01,1.004497486708756160e+00,9.538081263319353464e-01,8.418363386251959124e-01,4.836975567800228526e-01,2.853481222142593143e-01,4.731742350291096022e-01,6.087124576769237239e-01,8.399769891784816256e-01,9.947542462460414736e-01,9.204112368509387299e-01,5.608567627710656645e-01,1.142588312583090460e-01,-5.243680751159027764e-01,-8.623459491327355453e-01,-6.051845218842061280e-01,-3.412488746673930651e-01,-8.739230836656541879e-02,-3.566803274328672613e-02,-1.845670758821857105e-01,-2.457638079351579796e-01,-5.239545356798883669e-01,-8.786204196741527195e-01,-1.155153578997173414e+00,-1.392107011511301007e+00,-1.243855889211200383e+00,-8.093533137273406508e-01,-5.191678077468415697e-01,-5.397606301279525010e-01,-6.321431290052562657e-01,-4.460480522440830042e-01,-1.042633544819566715e-01,5.107723056617385904e-02,1.448387174156843538e-01,2.565852796840595307e-01,2.880730061265011077e-01,3.534587922856470277e-01,4.340118455282448995e-01,5.631804019917436843e-01,6.103759300807870547e-01,6.101019942850665068e-01,6.676986106035903701e-01,5.682486884008707273e-01,4.677669613406590932e-01,5.422242792506248854e-01,6.893797581260214802e-01,8.293010253390185049e-01,8.824185877520633881e-01,9.044644186507395656e-01,1.067744179494374501e+00,1.321139981413045561e+00,1.457729887769933175e+00,1.302371536806287144e+00,9.285005829557320123e-01,5.716563057796243408e-01,4.838598295106736336e-01
7.933326173711190421e-01,6.448004635852081501e-01,4.824698242081298383e-01,4.219756780962579112e-01,4.447657214935014647e-01,4.092200577117759419e-01,3.712880676625098797e-01,5.375683334023559912e-01,7.869543421155249519e-01,1.039005665109322463e+00,1.253876500100200131e+00,1.222300844645342499e+00,1.046186629392406031e+00,1.042357178603516177e+00,1.029965076732025420e+00,7.799522047091289600e-01,6.856883361264960453e-01,7.265327863460746549e-01,7.276555265749828916e-01,6.892324286351659834e-01,5.648721715607427640e-01,5.197585711379245632e-01,6.115329011702729245e-01,4.512839272859684447e-01,1.249863357688340559e-01,2.832161128521795690e-02,1.562505405386387380e-01,3.339030664425595152e-01,4.205770588916196706e-02,-2.227525693066016721e-01,-4.960694194744418306e-01,-7.087269332157152268e-01,-1.001987849377621975e+00,-1.045203634739560128e+00,-6.384532974645040770e-01,-5.192283771801462500e-01,-4.620317162383531517e-01,-4.545260429010530290e-01,-5.078221793146088237e-01,-4.979274626491794198e-01,-3.670410114181612560e-01,-2.097157852342193540e-01,-2.907188297455773340e-02,1.211973867569262620e-01,3.064470530350707489e-01,3.975333040785734573e-01,2.880058938096106136e-01,2.944121719656923597e-01,3.639204494096146547e-01,3.522901574545573844e-01,3.226127736146716662e-01,2.590289286286315829e-01,2.928139132485842455e-01,4.662219726969022426e-01,6.727114733339425445e-01,7.889793572271810440e-01,6.884065233418735774e-01,4.787134913999213648e-01,2.553242388892826287e-01,2.173110696549874765e-01,5.271769920464084436e-01,8.496179582361551574e-01,7.498083431581805680e-01,7.140340433253697938e-01,7.933326173711190421e-01
5.941480740769213842e-01,4.228445027541819501e-01,2.240925418506948819e-01,-8.452376043373603653e-02,-2.313956044107929322e-01,-1.801649536177428179e-01,1.537424875503830279e-01,5.546757508402808678e-01,8.729455475851640722e-01,1.096010590982141375e+00,1.148076693581968399e+00,1.222086732863953973e+00,1.233657305185305919e+00,1.254745984982490015e+00,1.043342462173561191e+00,7.466701930189111325e-01,6.128162529853258267e-01,5.586007011229434660e-01,5.989708317386068792e-01,5.850399670502661742e-01,6.649942959036869716e-01,6.564417131275336326e-01,8.270242699516527907e-01,9.427653676858258613e-01,6.443155731767944427e-01,3.818776942192770862e-01,4.412625640334871258e-01,5.416835588108985799e-01,2.418271353052587058e-01,-7.890216225086808810e-02,-2.795202609836410779e-01,-3.177553559687025797e-01,-2.146613495967618357e-01,7.641121486751273340e-02,1.527154504932276557e-01,9.167772308506189072e-02,-1.760336430056873014e-01,-3.273655770358085415e-01,-4.267436893009441401e-01,-4.441137216308674862e-01,-3.905506859358608973e-01,-2.651149475558360336e-01,-8.730588786480414365e-02,2.791693476159062826e-02,2.335354671401168591e-02,-9.999840611688357028e-02,-1.078685817741715791e-01,-9.023033612528121028e-02,-5.849580911513474479e-02,1.925564403687168857e-01,3.799482691893957265e-01,5.014854321603772203e-01,6.130681935104669300e-01,7.066398655053157674e-01,7.263062586749681193e-01,6.004705438774371462e-01,3.409816481316212955e-01,-5.955308885122662099e-02,-4.431945388577197553e-01,-4.770570370741920030e-01,-2.133229991861385066e-03,3.559989322820139579e-01,5.404634977754230185e-01,6.804534959802804872e-01,5.941480740769213842e-01
4.656875667582073275e-01,2.651257100536987821e-01,-8.707657457512549271e-02,-5.649028548962063967e-01,-7.364203564400710889e-01,-4.518265685159920664e-01,-5.844688523979418848e-02,1.922295218939284456e-01,3.735950383932063468e-01,5.731022009197195288e-01,7.973870681783308267e-01,8.412372628084485715e-01,7.514606809572250690e-01,5.658083671864657660e-01,4.507537008464458372e-01,5.826333324650373457e-01,6.879243779803747572e-01,5.524486300902538005e-01,4.713833663796525020e-01,4.449193505739984511e-01,5.713132200003919747e-01,6.820997025373928269e-01,6.773865298350676412e-01,6.528496951145181804e-01,5.771836918515298454e-01,4.926714505907088815e-01,4.213356066496106722e-01,3.276667137783526584e-01,2.016162025637710797e-01,8.329774246435113494e-02,3.051214678245983691e-02,-4.282221672069555507e-04,2.644485617445432313e-01,5.240453177206564339e-01,4.592153399043509276e-01,2.868680460484199779e-01,4.918685254491877989e-02,-1.768360576838640674e-01,-3.130770928558774813e-01,-3.833379021701460720e-01,-3.641323446246990114e-01,-3.199064621378079343e-01,-2.715809429587295321e-01,-3.278247366856373857e-01,-4.393024697634482223e-01,-4.582082018262597645e-01,-3.955872574928429031e-01,-4.107303092547215928e-01,-3.481411382340541816e-01,-7.573695466068514071e-02,2.277116620938838820e-01,4.990896745355550279e-01,6.989855060642460316e-01,7.516162840563995751e-01,5.765510993184687072e-01,3.423719093410506065e-01,4.069412492735317854e-02,-3.159995904638934205e-01,-4.182863303915935749e-01,-2.455458250042261148e-01,-7.722322592456865031e-03,2.520402420436482771e-01,4.655258411109473027e-01,5.337460522509783756e-01,4.656875667582073275e-01
2.107423622467350932e-01,3.617334139972638862e-02,-2.386175630821908145e-01,-6.025964397758289959e-01,-7.034316939751370512e-01,-6.553554133755878919e-01,-7.438504296787791237e-01,-8.094148978748527679e-01,-7.195168516095057365e-01,-4.073681763019406654e-01,-2.650802680458402838e-01,-2.289272853073157643e-01,-2.121632460410054488e-01,-8.250260500690087540e-02,2.486579905947595703e-01,6.051905313499352790e-01,6.869103781967104139e-01,6.167794914155886321e-01,4.040463285428641527e-01,2.987213075452825328e-01,2.389035410692021966e-01,3.069099056608700637e-01,4.491235650866171047e-01,4.690631826997648801e-01,4.800590816686084450e-01,6.179246373788394031e-01,4.200745630556931287e-01,1.437723547213876074e-01,2.555191745497241151e-01,2.242030374511838064e-01,2.367575044410132334e-01,2.260231375091373840e-01,2.808030891595507117e-01,5.493994378285563807e-01,4.894259708805728248e-01,2.341076144504912193e-01,7.844955350192339694e-02,-1.472399833196438856e-01,-2.941464865584537125e-01,-3.419906860922053426e-01,-3.981766854849423387e-01,-4.053924803133964749e-01,-4.472887300880387107e-01,-4.634947971264880562e-01,-4.625517817789022712e-01,-7.107469087810341923e-01,-8.731575595135064871e-01,-8.665390769444261121e-01,-7.609218064272924575e-01,-5.395475469465569329e-01,-1.561453543011255551e-01,3.005261531080680726e-01,8.011940337949342572e-01,7.847549623141550912e-01,4.439352227408123186e-01,1.351251580156166421e-01,-2.488373216064939664e-01,-4.914131530780273538e-01,-6.116440658158808219e-01,-4.712385276811396628e-01,-1.749452101582444907e-01,7.168466178754992479e-02,1.798907366108379036e-01,2.659351337974739105e-01,2.107423622467350932e-01
-3.328848604520437404e-02,-1.066293049247844515e-01,-3.097575129442396991e-01,-8.073909052932988217e-01,-1.027050625739259315e+00,-9.531061557925171179e-01,-1.106894815765782081e+00,-1.214447035643674067e+00,-1.208014025166818772e+00,-1.061003417023746564e+00,-9.886186830372003520e-01,-9.467894795311446732e-01,-7.541213670173704253e-01,-4.955957250480305665e-01,-2.111205041219763601e-01,2.652272935820824684e-01,4.811438104189777465e-01,2.838377900974234369e-01,1.542802547563146831e-01,4.638439205652739039e-02,-2.588188098728627651e-03,1.186126806879904683e-01,2.544866268695002987e-01,2.687215335518864379e-01,4.881667527019967201e-01,5.480610098067590918e-01,4.568608310186343946e-01,2.714385667182576123e-01,2.985099857474446949e-01,3.375819651136756638e-01,4.210566933728681072e-01,3.208692499129909281e-01,5.220446914391402293e-01,7.050421891062139679e-01,4.694483219667635598e-01,2.788651838622455692e-01,1.020023727575791739e-01,-8.813425411117464803e-02,-3.099913797482123368e-01,-3.711850170447490438e-01,-4.087696523219341849e-01,-5.576592429721141109e-01,-6.467723358156870495e-01,-8.002352447445735262e-01,-1.381830974180723981e+00,-1.554044484124601944e+00,-1.406291267098927156e+00,-1.228469458876741527e+00,-1.019284778217222964e+00,-7.637191832011868131e-01,-4.392914615923305122e-01,9.446635827584648482e-03,7.061477739551350608e-01,6.906196342697488166e-01,1.581197321331837546e-01,-1.883584623656234802e-01,-5.431063202327088835e-01,-7.188865873708325527e-01,-6.866480989357647280e-01,-4.327480238862950745e-01,-1.885345613904471918e-01,4.478547456299719620e-02,4.718764640558480161e-02,-6.173992887342902303e-02,-3.328848604520437404e-02
-8.846243748475010604e-02,-1.152941764143703834e-01,-3.438707994881752272e-01,-4.383036917606092375e-01,-7.576491031838308299e-01,-8.914135314733009352e-01,-1.022166217861896875e+00,-1.215808400612491846e+00,-1.454242931660906457e+00,-1.822304413846153937e+00,-1.771890312455339345e+00,-1.435943643926724134e+00,-1.148191606413693666e+00,-9.904620919362658871e-01,-9.211524040912948408e-01,-9.616436201517242210e-01,-7.643411918094805690e-01,-4.138228777188506236e-01,-1.918571142044527833e-01,-7.718196763539553196e-02,-3.823174848260574299e-02,9.253609607359158939e-02,1.170051263955165233e-01,2.974707035382313514e-01,3.630244349506444035e-01,2.124459356571952728e-01,2.074794422733301502e-01,3.213787815497577416e-01,4.607806727518667933e-01,5.087757143756573841e-01,5.274738996215025955e-01,8.334532003422752133e-01,1.127709367344278624e+00,7.415445806373697213e-01,4.618028297203838894e-01,2.710775859674046107e-01,1.252447203999218495e-01,-2.087944867482749434e-02,-1.975135801302765892e-01,-4.275068535694774297e-01,-4.741402692141953312e-01,-4.810095022204943782e-01,-5.709368230486016049e-01,-6.167676196298652602e-01,-7.043644577209405844e-01,-8.929967874704047848e-01,-1.154640360700680990e+00,-1.161166866652822538e+00,-7.715614073137131435e-01,-6.165953450502221767e-01,-5.119031886621523419e-01,-4.443612220269961277e-01,-5.258252339108064888e-01,-4.142468282743561048e-01,-3.169419874594260333e-01,-4.754401025024600491e-01,-5.770774632970617768e-01,-6.929950912030132804e-01,-6.735259160120610211e-01,-1.492913212206713469e-01,7.784768279358311727e-03,1.449083886346933248e-01,1.745419091020977420e-01,-8.206481171216993553e-03,-8.846243748475010604e-02
1.424825212967658628e-01,4.729830731693540624e-02,-1.357184882175156426e-01,-1.578259240532627616e-01,-1.938777427877855231e-01,-6.133887818907401979e-01,-8.407698160894317985e-01,-1.138033832097891329e+00,-1.416451613066648241e+00,-1.763737246908704703e+00,-1.904009925883781706e+00,-1.748504809909473323e+00,-1.535084223364221234e+00,-1.319199224445325669e+00,-1.268999003331202635e+00,-1.322993323686990852e+00,-1.186636286494746173e+00,-7.388874670211376117e-01,-3.261755672449776489e-01,-1.141475683094608784e-01,2.572401260760248665e-03,3.344613066709878346e-02,1.756702290501647168e-01,3.022301356004628015e-01,1.777775023469184701e-01,5.559394086119529010e-02,-1.371288523090499201e-01,9.057247367723997300e-02,4.761080373659555831e-01,7.664998189250105121e-01,1.001837383141208182e+00,1.302321662319304352e+00,1.036186289421594520e+00,6.896002151139979386e-01,5.074960959166163743e-01,3.485219561372387975e-01,1.896729007403290534e-01,7.511231836969288478e-02,-5.541724889460658554e-02,-2.518898482241035408e-01,-4.108339454530550716e-01,-3.067035276815667233e-01,-1.188501250453227187e-01,-7.837973189590807799e-02,1.315992429357184523e-01,7.625715337540850403e-02,-4.198320756547635479e-02,-1.611575640935442588e-01,-1.033204070731950919e-01,-1.747855905930667531e-02,-2.470257290944457562e-01,-4.439785249736099559e-01,-9.820713843925432673e-01,-9.220159513805539220e-01,-4.888670265779671009e-01,-3.874626866495343158e-01,-2.238726668555606203e-01,-2.782852729379980961e-02,9.853911020769295925e-02,1.237407140667226568e-01,3.128012431140086425e-01,3.241712558129606903e-01,2.871564020454543398e-01,2.889183859622617145e-01,1.424825212967658628e-01
4.417689181813890253e-01,2.897158090171033096e-01,1.252224715324947169e-01,5.031525936203040672e-03,-1.180667389437337067e-01,-3.445863165536509620e-01,-5.968147618927501785e-01,-8.245225203426321814e-01,-9.732527110168530671e-01,-1.033746883781572201e+00,-1.181506293404338326e+00,-1.321253955029355609e+00,-1.459007291292545361e+00,-1.489231077504247436e+00,-1.353503456900335911e+00,-1.219491723090717628e+00,-1.004905572898097788e+00,-6.765573837243410438e-01,-3.551375800725620202e-01,-1.103203827429007078e-02,1.869642347322924558e-01,2.545186704986638349e-01,2.580832482214692192e-01,1.601522947260735630e-01,1.643138507325869746e-02,-2.014059414897179101e-01,-2.830351516996704175e-01,-6.325335411480476067e-02,3.791388414944483753e-01,6.991560045329272555e-01,9.755476261127159487e-01,9.162262366635894884e-01,7.657523953455516175e-01,6.567883408970618397e-01,5.017657178951533403e-01,3.684852495862423472e-01,2.530712895942944796e-01,1.782753469827074166e-01,7.555538592625778149e-02,-1.746901282717089679e-02,-1.824125057056146249e-01,-1.657857525067724935e-01,6.060640925836252579e-02,3.341386515947906699e-01,6.667841227124485792e-01,1.005001847992514685e+00,1.212568313922388619e+00,1.232841969972990004e+00,8.937708294797427344e-01,5.157224670645361719e-01,2.879380965692296401e-01,2.599697338336171004e-02,-3.446508554483451170e-01,-4.713491038660765908e-01,-2.760934347070373440e-01,1.634768390270763261e-02,2.314824924770700343e-01,6.061470398859496456e-01,9.427020950518689713e-01,7.941778065087027327e-01,6.768138010562108065e-01,4.186662802658438487e-01,3.401541217480042456e-01,3.934190063775869772e-01,4.417689181813890253e-01
3.778408431629350916e-01,4.933860580527947293e-01,3.103427353437949732e-01,1.008139596259164938e-01,1.414922349379874045e-02,-1.764107545429056678e-01,-3.268653356953351574e-01,-4.705509405499896380e-01,-6.140283126793556479e-01,-6.348844192218263682e-01,-6.325461916617082236e-01,-8.434207083443995279e-01,-1.041541066080186040e+00,-1.155294211485267120e+00,-1.195107408630610379e+00,-1.078731541127509130e+00,-9.598742440665839482e-01,-7.987401908732360001e-01,-4.896153681339424635e-01,-2.032818021820294307e-01,1.541563553395894348e-02,8.597792533741135945e-02,4.646309988512646594e-02,-8.515596585119078465e-03,-1.775063324135660592e-01,-3.272006610130100968e-01,-4.178702775678641013e-01,-4.936602758778326772e-01,-3.494898180255738840e-01,-1.761362367626650993e-02,2.602713743379699851e-01,5.128457758273282652e-01,6.120676825528950094e-01,6.579904305077615145e-01,7.025477348265737332e-01,6.511963643526288426e-01,4.619058136438192186e-01,2.844160406132129615e-01,2.123878043977532881e-01,1.638209270297856790e-01,2.298049568360654438e-01,1.659935185258406276e-01,7.267343651419344575e-02,1.381772123319766343e-01,4.190924463793631038e-01,8.343006342289820410e-01,1.171285767321660121e+00,1.248621254767458666e+00,1.021477117351971220e+00,8.743206004978594237e-01,8.456657590407468117e-01,5.258377047975748564e-01,2.129620818870732735e-01,1.110093364093506785e-01,2.033129526517843955e-01,4.317053478724963145e-01,7.496482034196350064e-01,9.699690749927705191e-01,1.081927244451923675e+00,9.678636948220536995e-01,7.073307205976271383e-01,5.134319153770214861e-01,4.353229680038200322e-01,3.650485551995064637e-01,3.778408431629350916e-01
5.115648085710132742e-01,5.523562274195537025e-01,1.986273202610261968e-01,5.023662555051533474e-02,-5.547154554021119233e-02,-8.389782678417699591e-02,-4.616690279193461088e-02,-7.628905567919758157e-02,-3.180484313438428634e-01,-5.563979424923555239e-01,-6.203727651406653054e-01,-7.508617823801388980e-01,-1.034988062504152095e+00,-1.198275894711038791e+00,-1.033503511490673432e+00,-8.938746797534884436e-01,-7.774984957863780854e-01,-6.963412280562365497e-01,-5.439370856385212782e-01,-2.961362559019528606e-01,-1.306640785800546878e-01,-6.510434243968934998e-02,-5.173404916690840794e-02,-1.263224123569828272e-01,-2.657562175930653914e-01,-4.561661272732836503e-01,-5.832978770259120704e-01,-7.581599713776652205e-01,-7.684795013204711589e-01,-4.417191817107349872e-01,-1.346384775102944797e-02,4.128626664511289013e-01,7.908558033548985788e-01,9.874334156109514371e-01,1.002811525806528881e+00,8.832732591107431697e-01,6.250660539322479003e-01,3.883723874372914664e-01,2.396778654542663367e-01,1.191472887823818438e-01,5.692713281317685059e-02,8.855396670809073667e-02,1.063614444461495334e-01,1.490466744488851969e-01,2.081430348515528328e-01,4.866560284635307321e-01,8.100882239027662468e-01,1.047150067780332705e+00,1.169409516449467779e+00,1.251109350585597912e+00,1.049229101333140068e+00,7.448021110796078093e-01,5.487954496723589370e-01,3.937468363355739465e-01,4.663914976803061330e-01,6.689702717424065304e-01,8.581679146156424576e-01,9.375595694178517903e-01,8.901223396186799253e-01,7.162265080675289664e-01,5.859710045269359568e-01,4.822757770000977162e-01,3.740299058491202144e-01,3.925836681319555543e-01,5.115648085710132742e-01
3.359819623978641534e-01,-5.260947856090765484e-02,-1.890545665079072790e-01,-1.580267982789034797e-01,-2.928245103344974121e-01,-2.118006545506467553e-01,3.398540156729720763e-02,2.814365199343185076e-01,2.986911548909884084e-01,1.013125629307359554e-01,-1.535079027102594917e-01,-2.704273866277922544e-01,-4.420691543447851091e-01,-6.110692705382447798e-01,-6.128654575095077162e-01,-5.265721117431210185e-01,-5.454880524259462238e-01,-4.496344519099638171e-01,-3.271355915065874420e-01,-1.785386388921344214e-01,8.066686241882947694e-03,9.889515976725407609e-02,-8.233844393632019920e-03,-1.549742983354426840e-01,-3.052965853286457865e-01,-4.869068738412708486e-01,-7.192495050346781049e-01,-6.432638592738724181e-01,-2.513197205831385617e-01,9.209121637634981594e-02,4.533149348671223766e-01,8.161643586735748412e-01,9.890695457958743608e-01,1.009633065035181687e+00,8.935163909216266021e-01,6.792238063984845642e-01,5.757066138934090471e-01,4.227178199083098664e-01,1.906363325346311366e-01,-3.962532527135356752e-02,-2.335319542563774609e-01,-2.197499492644949259e-01,-6.285279279333166880e-02,1.391112161458074592e-01,4.124573789577011818e-01,6.243355906569620917e-01,9.318405125678826950e-01,1.191523275596052311e+00,1.208154056641209451e+00,9.944469504853978847e-01,8.475129486509707100e-01,7.276680585363975995e-01,5.784271951424972968e-01,4.794281982688360366e-01,4.582233957134133617e-01,5.072182598504499929e-01,5.655389583503988016e-01,5.774850038849357325e-01,5.841924721940289222e-01,5.422262490450925343e-01,5.411833703434929532e-01,6.352194362977803266e-01,7.545654194278713645e-01,6.415200364354373130e-01,3.359819623978641534e-01
2.719622001911921050e-01,-1.602191017904965598e-01,-1.668169121370144947e-01,-2.193264146885981758e-01,-4.551525651407535844e-01,-4.061414399488139648e-01,6.973314130806661237e-02,3.766518349152165879e-01,5.352548332187034852e-01,5.384169327448117270e-01,3.374581488294176035e-01,2.239781863660204597e-01,4.068046931115215648e-01,5.263899486926764126e-01,2.391408610260786216e-01,-3.491061281956198137e-02,-5.500992538746068972e-02,-8.529279346520765581e-02,-5.035256572538610031e-02,5.139699055929147775e-03,8.518349845991568525e-02,1.402508362520499818e-01,1.386273083988884269e-01,-1.010873237166389216e-01,-2.547548176614781168e-01,-4.808646708594527253e-01,-7.102102137835064610e-01,-4.835068543274655406e-01,-2.358666504394650865e-01,-1.609823004964143212e-01,1.889341969831287438e-02,3.350037174709714627e-01,6.897999081944578004e-01,6.459427501126639992e-01,6.931118444393742362e-01,6.525583950495686958e-01,5.306468939276461905e-01,3.470118398530347426e-01,5.755083386420045688e-02,-2.573134243450941883e-01,-6.717909473185821323e-01,-7.004050414929421375e-01,-3.571340215215521030e-01,-6.046582032559992548e-02,-8.672126383232503510e-03,2.445170649754857539e-02,1.786905450493911918e-01,4.219010593567371625e-01,4.654329211331118543e-01,3.661137249416887007e-01,2.742580747217102100e-01,2.149755779596944638e-01,3.141773467150960064e-01,4.061497103797878649e-01,4.037397873554156025e-01,3.297815456264746592e-01,2.134518744106193855e-01,2.740189003804686108e-01,3.566394267394668582e-01,5.041841915472926594e-01,6.991834887104219076e-01,8.678164524463729546e-01,8.938211124847309508e-01,7.239270951249678898e-01,2.719622001911921050e-01
2.401341228231385627e-01,-2.732381270554455621e-02,3.801264744034454912e-02,4.652607642956768652e-02,1.909981323466561354e-02,5.680419554086199585e-02,2.294550691362441108e-01,3.405810457915084410e-01,4.494696799264088494e-01,5.880075394300026126e-01,6.208111763346653156e-01,6.286287824845074867e-01,6.854574084567207626e-01,6.585218005324563473e-01,5.550717909029467823e-01,4.040748944186902114e-01,2.238450290941335630e-01,1.189715767424744663e-01,1.449010440318329596e-01,1.775305823543532613e-01,2.400831930447432372e-01,2.480539824304204832e-01,2.102106292020620715e-01,6.267880832520057732e-02,-1.976346426708423809e-01,-3.875727348932153093e-01,-6.034894679774406301e-01,-5.160070589225984605e-01,-5.479038696331247627e-01,-4.833526237148871862e-01,-2.150125785002261480e-01,-1.130271184680142205e-01,1.080460564861894790e-01,4.972217804397262020e-01,4.781520766361846420e-01,5.266401829892256581e-01,4.383094811951950831e-01,2.289733353808931504e-01,2.746243099468981264e-02,-2.659692889352701650e-01,-6.737857632935461139e-01,-7.487643663804731675e-01,-4.714852096518601932e-01,-4.257577062636347387e-01,-5.032816371210675488e-01,-5.020029148458978741e-01,-4.214419627746565089e-01,-4.949072080308457577e-01,-4.172915089301931779e-01,-2.733102163972314647e-01,-1.980843144656138088e-01,-1.864654095721435256e-02,1.629989230839092584e-01,1.281553713366019864e-01,-1.498886890085856516e-01,-3.281652949267100383e-01,-2.196908149007134048e-01,-3.358182244189147903e-02,2.072871657908630927e-01,4.467021538015375492e-01,5.283041884945691713e-01,5.692223544291818982e-01,5.287205603358240413e-01,5.032842488279728466e-01,2.401341228231385627e-01
7.079486807572779594e-02,-6.348229173131894609e-02,5.483856282026752793e-02,2.858612845058727814e-01,6.133344216449887476e-01,6.463148698698963912e-01,3.589960783183619997e-01,1.955077149705180817e-01,2.904339978172408854e-01,4.990165935806890607e-01,7.152306189291515182e-01,8.633293581274115169e-01,9.452400020231555011e-01,9.526402664041474511e-01,8.045856546459594361e-01,5.662651899347078688e-01,2.723639675162192186e-01,1.671548257681152172e-01,1.612471421100725721e-01,1.707365587943901475e-01,1.484877197360711387e-01,3.341584350667392012e-01,3.380239525870308848e-01,2.132391011421578830e-01,-2.995710630112424777e-02,-1.918749536345442652e-01,-2.656817362239213276e-01,-4.340461347694761218e-01,-5.201544330169310948e-01,-5.025713460259508825e-01,-4.735237613433247450e-01,-2.213846111612994827e-01,-9.641316236266084250e-02,1.365749716129386060e-01,3.551975063996991588e-01,2.853135588210119478e-01,2.323469366296004590e-01,1.411399801696007761e-01,6.894314042381421981e-02,-7.386424520184142750e-02,-1.292964771624308673e-01,-2.408853127120786919e-01,-4.177638355142977988e-01,-5.393549757053026639e-01,-5.590035747497154039e-01,-5.052005513527181302e-01,-4.931768696994306422e-01,-6.012665049067409395e-01,-6.575950137559957165e-01,-6.449228193658192998e-01,-7.400109227741122897e-01,-8.824839149899130764e-01,-9.904125351256531928e-01,-1.084886276821941831e+00,-1.051817293078651128e+00,-8.767900117598150800e-01,-6.962453482339556743e-01,-4.809214014412674931e-01,-1.979833693500912539e-01,-4.324461642176785636e-03,1.478148998561309158e-01,2.816216787809630029e-01,3.423237094800747893e-01,2.949370365450160181e-01,7.079486807572779594e-02
-3.664643190289901264e-01,-2.306290720525426829e-01,-2.555010240289537493e-02,1.487982816838507028e-01,4.567548286023952464e-01,4.419888282021338100e-01,1.153056912285222863e-01,1.090629408465045858e-01,2.890873159811667703e-01,4.086421970394969461e-01,5.449201360382835979e-01,6.878545851626651775e-01,7.216778160680207277e-01,7.067816086742193527e-01,6.229387048824315265e-01,3.718406623527767407e-01,1.682441404464260493e-01,8.808796978435706748e-02,9.750479154187552400e-02,6.504116753580441168e-02,9.915542705149749114e-02,2.861681204056282790e-01,3.878981634028364489e-01,3.274628786915227407e-01,1.934813318274333505e-01,1.486190136649980231e-01,1.966997042996039280e-01,-7.885418402043689601e-02,-3.449627379514503822e-01,-5.367442239463865450e-01,-5.559994169447654011e-01,-4.893519362357986457e-01,-2.852435849002147306e-01,-8.435867262064289385e-02,7.135385074031522223e-02,1.253135027762935505e-01,8.668548565031608533e-02,1.504440114956824281e-01,1.194676919287429029e-01,1.361597878046005294e-01,3.201552774778517740e-01,1.596716176519270558e-01,-2.784300496443176676e-01,-4.893271210877156996e-01,-6.170112079496392621e-01,-6.337835153915322151e-01,-6.799903651126767423e-01,-7.709996657921802665e-01,-7.833423051496646305e-01,-1.042306247352243753e+00,-1.243795699083768191e+00,-1.351797136283176659e+00,-1.524147130758277235e+00,-1.502367107276852298e+00,-1.366822314214382050e+00,-1.335722636988567302e+00,-1.331589923396497177e+00,-1.112014017544422417e+00,-7.614895850140506184e-01,-4.899637972915859563e-01,-3.016177503755463341e-01,1.134103792448019205e-02,1.604911685156050483e-01,-1.395223756461499987e-01,-3.664643190289901264e-01
-5.546976198053168439e-01,-4.781408460272165151e-01,-3.668812690484899441e-01,-1.142404450350200662e-01,-1.237824141899823704e-03,-2.562221402041775509e-02,3.250085518758771830e-03,8.101455217043732060e-02,8.847968272338989359e-02,1.584610089504618902e-01,2.685368720589706992e-01,3.666047588739727026e-01,4.751072153629101735e-01,4.351203509839279282e-01,3.628592015401983506e-01,2.696188255989914739e-01,1.477247374607877362e-01,6.526622151514847869e-02,-1.123753064734089868e-02,-9.325659913810563362e-02,-3.666413726829037545e-02,7.269102821805228931e-02,1.757284209397850239e-01,2.626393237817646886e-01,2.887787356280908657e-01,2.731150691944410625e-01,2.720473531339702156e-01,4.096165758359998632e-02,-2.536457008039302297e-01,-4.075291272974196355e-01,-2.388295498778268411e-01,-7.384926461163399125e-02,-2.529935535005727876e-01,-2.527632786650704233e-01,-9.728705343796054117e-02,-3.452555480305319335e-02,6.178638195857978632e-02,1.450407917635299082e-01,5.807207898709584870e-02,1.482900337106458910e-01,3.268760602087359968e-01,1.955990993226299768e-01,-2.459125722294472904e-01,-4.721043088539329524e-01,-5.805545840948086456e-01,-6.507374146572959539e-01,-7.831921221102923214e-01,-7.961513919921755500e-01,-9.144341761882323061e-01,-1.081019288387532695e+00,-1.107453801047829200e+00,-1.216317250493042401e+00,-1.264658512223906683e+00,-1.306329253737900764e+00,-1.424085558180180122e+00,-1.705929548448378963e+00,-1.790148207581476303e+00,-1.436055273017295519e+00,-1.119974373415684399e+00,-8.571049210261862950e-01,-7.770803502927694506e-01,-7.898773811365278341e-01,-6.856909492407350371e-01,-7.085642687034257037e-01,-5.546976198053168439e-01
-1.016851873938064532e+00,-8.779355696022458355e-01,-7.626484772833306280e-01,-6.730587429078801476e-01,-4.959315056700567270e-01,-2.656324714106836349e-01,-1.503053613996230553e-01,-5.589689588534850484e-02,2.248002794175015251e-01,5.514406810384319124e-01,7.411957295198448037e-01,6.744688237080366244e-01,5.169488674270018569e-01,4.552840866317658386e-01,3.095385400799005038e-01,2.288097403727808454e-01,1.956449139330013742e-01,8.173672247131968938e-02,-3.090516459727944004e-02,-8.325623410528065760e-02,-1.125009873678552985e-01,-1.747213452670577927e-01,-8.116956221184584708e-02,8.885297122406585202e-02,2.024363570715954908e-01,2.208976994646464354e-01,2.126686229623231950e-01,4.290116185589121223e-02,-2.874231871887456546e-01,-4.273951026140493381e-01,-2.652760825875991046e-01,-2.016297494048180927e-01,-1.299210300654864148e-01,-1.566929680108920253e-01,-2.049299794327140434e-02,9.409898044375114567e-02,1.182352514687941836e-01,5.874434143202668379e-02,3.032210848836169870e-02,9.329637133999119092e-02,1.793229220449042149e-01,2.946840298642799949e-02,-1.578121537512161554e-01,-4.701934453395305580e-01,-6.304133225805604868e-01,-7.679121776402080268e-01,-8.440460120563639812e-01,-9.073973706684208551e-01,-9.181636707821074772e-01,-9.826724887084173909e-01,-1.141913928866458372e+00,-1.105245249624861037e+00,-1.080195943617414667e+00,-1.089602501202584506e+00,-1.196550020919014079e+00,-1.307998023733901061e+00,-1.121795666782428258e+00,-8.313492685571551855e-01,-8.893513468399922850e-01,-9.292382722665426531e-01,-9.725186259901067443e-01,-1.355378132284638104e+00,-1.519240079960968881e+00,-1.264289631609896158e+00,-1.016851873938064532e+00
-1.428805245856629824e+00,-1.262993917416067369e+00,-1.178133879181846311e+00,-8.319198358993372677e-01,-4.042122249184216254e-01,-1.176312617318566595e-01,1.647062136678235089e-01,5.174694814177702717e-01,6.794951249864591425e-01,6.922739615460620222e-01,7.746085256549515297e-01,8.693548255014222903e-01,7.367721864239271667e-01,5.504020680158278056e-01,4.921939708573833672e-01,4.082060106069301808e-01,3.577708222672775218e-01,1.762469453591653801e-01,3.176662166144281207e-02,-2.842344588825963109e-02,-1.417359362745943818e-01,-2.622255195826220797e-01,-1.949729093565078508e-01,-2.895611814794253613e-02,1.341902592887380397e-01,9.176325389673289923e-02,8.117634787851385481e-02,-3.283436251563737196e-02,-2.874502164389153291e-01,-5.398795086409589050e-01,-6.144909782238513474e-01,-4.294521694183757177e-01,-1.360918452894007424e-01,2.386242180619178310e-01,2.475682442176139197e-01,2.379128442751353434e-01,1.221018971421969912e-01,5.356382134368709025e-02,1.217837156319555997e-01,8.976990232174308915e-02,4.325298712874662416e-02,-7.402150041787833312e-03,-1.245256906075684206e-01,-3.125068243013995328e-01,-6.024371461074988776e-01,-7.827086868965030808e-01,-8.781299474159403040e-01,-8.141637331467785899e-01,-8.503151653879300609e-01,-6.775112681332637887e-01,-7.398455189248793751e-01,-8.451291747622859951e-01,-8.591846265874923949e-01,-8.500803757743332634e-01,-7.339780096117443087e-01,-3.153166274221471665e-01,1.122125604803941856e-01,-5.473774822944407759e-02,-3.886116617751032010e-01,-7.684422464949023368e-01,-8.803978717328859727e-01,-1.143034158256798882e+00,-1.557558908100950212e+00,-1.598635750933961486e+00,-1.428805245856629824e+00
-1.476810284603429890e+00,-1.339112239970545737e+00,-8.989527377910238037e-01,-4.756075428787792103e-01,-2.411250641287789875e-01,7.199580163753047102e-02,3.461945473001030726e-01,3.166620700520148546e-01,1.534049657534269362e-01,5.191690272169438569e-02,1.097867383872992431e-01,4.174733744309194750e-01,7.405100119935806857e-01,7.978106374216353824e-01,6.286675933480868617e-01,5.505558034912364507e-01,4.585258883212527392e-01,3.237562147612406127e-01,1.419574487331508594e-01,-1.855594995367637612e-02,-1.834865312267326132e-01,-2.991968476230503216e-01,-2.596449974743047506e-01,-1.114529967824867684e-01,3.652359387447673411e-02,1.692382864530437847e-01,1.397636882224978228e-01,-8.913400036235169521e-03,-2.056195696254114746e-01,-3.286570802472903452e-01,-5.595598370812098210e-01,-2.621844734821946465e-01,1.367746268583262537e-01,4.244915154163731996e-01,4.305789642219583491e-01,2.459011852061434023e-01,1.891813876298562014e-01,1.366968562030900225e-01,2.969732610070195955e-01,3.334083574127794103e-01,2.783594389262035174e-01,1.568156568578552568e-01,-9.791012689631450883e-02,-2.911909882964757168e-01,-6.395874518882027626e-01,-7.798260398671832405e-01,-6.596914763407873972e-01,-6.217786922678537609e-01,-5.387572935144738784e-01,-4.914603977577812755e-01,-3.659773091829942038e-01,-4.538707392161523968e-01,-5.456573203722863141e-01,-6.164937315293017583e-01,-6.441790456220810590e-01,-3.366199774262649824e-01,3.738584688784434007e-02,4.398253383950401219e-02,-5.714691278688610598e-02,-4.402791645917801810e-01,-8.394279798445617446e-01,-1.031251694144619258e+00,-1.285250126645742341e+00,-1.460383282451234388e+00,-1.476810284603429890e+00
-1.198381173735582284e+00,-8.962407005564390072e-01,-8.168677069502273680e-01,-8.649170256729183937e-01,-6.987227783117948565e-01,-4.664138159331011613e-01,-3.464882126296842113e-01,-2.591664991642372851e-01,-1.304901925821722042e-01,-4.229366849395188588e-02,1.793487700024025133e-01,4.503364446828582168e-01,7.600986336381606590e-01,9.737446063711332478e-01,9.484584779919421615e-01,7.314624588843240405e-01,5.728289813370751604e-01,4.783565484750155750e-01,2.114698732871945208e-01,2.810575579192992057e-02,-1.715247637245542744e-01,-2.878798019209933834e-01,-3.526095293848333645e-01,-3.442077153979821169e-01,-1.577543317998425509e-01,1.007142051822076390e-01,2.162481381262947311e-01,6.153854309849454696e-02,3.335978368236025560e-02,9.422793029402071197e-02,-6.734648754764427370e-03,-1.068957504269357761e-01,9.269683914300780314e-02,3.573712664603748146e-01,3.386922748613843126e-01,1.435969863966937710e-02,6.342976909525718798e-02,1.510946035867057891e-01,2.759841110334655956e-01,5.264061848923471398e-01,5.471864450624183140e-01,5.251188818915997203e-01,3.597632479907760805e-01,8.024223097491040013e-02,-7.364109810139457535e-02,-1.413055294621618774e-01,-4.105819066259525085e-02,-8.051585466444760586e-02,-1.712735687979367871e-01,-1.176139383763683266e-01,-9.453373116954993938e-02,-4.192552156983325728e-02,-9.276612240658338449e-02,-3.540160456013244361e-01,-7.348887977293308005e-01,-4.814338162676634614e-01,9.982952943003028934e-02,3.010403244496171471e-01,2.029966918077769078e-01,-1.291851497757723899e-01,-6.265122966488345657e-01,-1.029296508356515538e+00,-1.324323360807619032e+00,-1.409975568548436087e+00,-1.198381173735582284e+00
-6.079495314180658472e-01,-7.787308878169759696e-01,-1.046477574766207175e+00,-1.272985782866712601e+00,-1.046576088003539740e+00,-5.824054670610794293e-01,-2.493286998223611106e-01,-4.489821604795539434e-02,-3.023829409496659251e-03,8.440281036582167329e-02,1.378989019887189027e-01,2.576704574170042283e-01,5.627918607594375455e-01,8.394950971723468269e-01,9.548574625396664128e-01,8.390998044415702850e-01,6.165301244495238198e-01,4.398484965205521902e-01,2.511424002175084991e-01,3.427541424994379193e-02,-6.860956043028948459e-02,-2.578261116113507168e-01,-3.400311077051751951e-01,-4.622130121536714986e-01,-3.836824712690628525e-01,-4.561586074256362977e-02,1.794956089719524917e-01,2.614686049949935809e-01,1.904986088426151580e-01,3.247943786459676074e-01,2.634222356684989275e-01,5.662879285163485710e-02,-1.209451079654604577e-01,-3.996607210022954382e-01,-6.179534231360823693e-01,-4.665350185127328242e-01,-2.110530377912174238e-01,1.140887084241379856e-01,2.692866293325926197e-01,4.331261449131951213e-01,5.971922254113357642e-01,7.410621821383576169e-01,9.125119434521733464e-01,1.083397003563667971e+00,1.441621005269671629e+00,1.461295708980621555e+00,9.011206969388272370e-01,5.345026517807948130e-01,3.561987256042342675e-01,1.719542643089945755e-01,2.243860913121563105e-01,2.130881443679443765e-01,2.409630569689036328e-01,2.533381165718616157e-01,4.106963673773404988e-01,6.404464133156479999e-01,5.913650844125506456e-01,4.900361007484519971e-01,3.751686544971114534e-01,1.262874490261745031e-01,-2.773494367966237162e-01,-7.083014518530759140e-01,-9.274842458492074115e-01,-7.284900964634699605e-01,-6.079495314180658472e-01
-5.052334516401790765e-01,-3.354048267218613932e-01,-2.802520971874188360e-01,-3.158458924041773752e-01,-2.166042324054697765e-01,-4.048752552505732738e-02,7.065387675627263220e-02,2.329780171364531638e-01,3.641827082414437200e-01,2.620058984900165422e-01,1.376017413787049837e-01,1.129183810731594351e-01,2.505605951084788896e-01,5.140030166526845523e-01,6.053727779045544599e-01,6.035311365256497140e-01,5.091713246267939308e-01,3.678495568631434676e-01,2.392576113021324113e-01,6.564065337402630318e-02,-1.829791215661169534e-02,-4.906055499754602423e-02,-1.835172554277968437e-01,-1.038930666448583118e-01,-2.139790176557098134e-01,-1.420001906745402831e-01,1.390807995667946440e-01,6.176396848357406100e-01,7.869754554635164379e-01,5.115722172787733335e-01,4.034967450750958640e-01,5.019648201228689433e-02,-3.207783296879490598e-01,-9.067011913030177395e-01,-1.087417294713377558e+00,-7.104426131213834594e-01,-5.162521323963704667e-01,-2.839261643439274230e-01,7.190681053819109048e-02,3.744935675205916525e-01,7.279732445000987040e-01,9.385251585485925307e-01,1.083276400841029607e+00,1.259767148882292132e+00,1.413966651176343792e+00,1.405652400880273323e+00,1.237463558862779589e+00,9.850330725674097954e-01,7.494023630811014192e-01,5.733606616572481940e-01,3.674016073591238607e-01,4.344169135053921327e-01,5.628880559518514293e-01,9.068620993945235575e-01,1.446524023014882587e+00,1.341492705813885911e+00,8.532847627917680144e-01,4.630228931845810081e-01,4.470298295010156076e-01,3.791024066675189319e-01,1.167444349509163398e-01,-2.102773290179720672e-02,-3.244526611251947190e-01,-5.692234537960290108e-01,-5.052334516401790765e-01
1.773736365649162816e-01,3.217787777781778158e-01,7.293976217183804067e-01,1.253756056133126018e+00,1.201606499714924503e+00,7.055696911058776388e-01,4.696774399667276167e-01,3.493564775394829014e-01,4.010270810359142235e-01,4.100185352067635680e-01,1.745139983388628024e-01,1.401026992039905439e-02,-1.067640255310689512e-01,-8.118730630661152858e-02,-2.249799299550078735e-02,8.999750690641683537e-02,2.114735204917058131e-01,2.590925639535353597e-01,1.226111268047150871e-01,1.073344569032964324e-01,1.549765874733323168e-01,9.210142175381491603e-02,4.601474601826313626e-02,4.428831691134665904e-02,2.188930896503443468e-01,2.061259989843251816e-01,2.930420749057851548e-01,4.678707994096982792e-01,7.691018617921498990e-01,6.741221546409189580e-01,3.582756622550921644e-01,1.130608087435861497e-01,-3.080303423304858734e-01,-6.346155874515103656e-01,-8.265845810096094093e-01,-7.148540651331334317e-01,-6.167696567496765425e-01,-6.042096630355222597e-01,-4.685636625503159514e-01,-2.504703925257002473e-01,3.325039636176141400e-03,2.912480441886023952e-01,5.680416909075232113e-01,8.299227000592083181e-01,1.127211108737002920e+00,1.360317764261613771e+00,1.445344458515132269e+00,1.227962465068881626e+00,8.523738689601909613e-01,6.979845685606896888e-01,6.110735174486110477e-01,4.800566665572110203e-01,6.706466834440201197e-01,9.463843360647644642e-01,1.185269059612075182e+00,1.126936854862141457e+00,6.636390436768940804e-01,2.467853777105349367e-01,2.110215981403687491e-01,3.572281890094683998e-01,3.123220138117989153e-01,4.212295968510829658e-01,6.223209961270375068e-01,3.854838146898873497e-01,1.773736365649162816e-01
1.002774069094600762e+00,1.047685563821697308e+00,1.242628152893628712e+00,1.339840559306090695e+00,1.230402503764258970e+00,9.945924616123320572e-01,7.714758423801396647e-01,6.385055907895790250e-01,4.839652308903535927e-01,4.396964278504126300e-01,2.433147331507973243e-01,-4.391727897108138601e-02,-4.216449883763909723e-01,-7.308291980474189709e-01,-6.567145188269521983e-01,-4.305054368306343027e-01,-1.594127162163899991e-01,-7.182721552772480811e-02,-5.613375450033655789e-02,1.069011708954842738e-01,1.673517476699405704e-01,2.368315585252835365e-01,1.989750438654113718e-01,1.739383620264518815e-01,2.343557661573209550e-01,3.808203578136895584e-01,3.503941171205661731e-01,2.751245272396616870e-01,2.387116588850450305e-01,3.665596667728991953e-01,3.183921891972085749e-01,8.963944391788203347e-02,-2.267681573771849202e-01,-3.768670716413879962e-01,-4.170460366024133503e-01,-5.816200171576347833e-01,-5.297419306765664970e-01,-5.553538535372811724e-01,-5.847268207088452963e-01,-4.762133346679013335e-01,-3.280140790826107655e-01,-1.635036301367496225e-01,4.876532406779782169e-02,2.909566059291374129e-01,5.844144653027427694e-01,1.004347596363643236e+00,1.325515099313616885e+00,1.244621124437811144e+00,9.446728772945310881e-01,6.767104158848958884e-01,6.190917879282840097e-01,7.078457742395589669e-01,7.121806252826529127e-01,7.793453311973992381e-01,8.696256381202249752e-01,7.219426554648835648e-01,3.841950707260464171e-01,2.193674455677459001e-01,-6.456786412942344677e-02,1.088136106039556683e-01,5.230229912182619012e-01,5.990721471387154828e-01,8.109433285011842241e-01,1.028454765278805194e+00,1.002774069094600762e+00
8.015903662778696148e-01,9.838513117446547884e-01,1.170716755174976642e+00,1.303269593719968533e+00,1.335960221562404238e+00,1.295585241488246497e+00,1.084631368403742968e+00,8.360804894287188205e-01,6.496570439279217846e-01,4.958730931736928804e-01,2.697773857194378233e-01,-7.632814990038325198e-02,-4.759356554451741883e-01,-8.963220015789172823e-01,-9.519572399103857219e-01,-7.363337550646579244e-01,-4.648330870106505697e-01,-2.208457146884650335e-01,1.055806742545771781e-01,2.133037568037718934e-01,1.490095551357609738e-01,1.709265815395157040e-01,2.892988159359168310e-01,3.037487910004860181e-01,2.991486475879925888e-01,2.921710665215987990e-01,4.305599613819002802e-01,3.821421952959594970e-01,3.387178051591479555e-01,2.664657189076510280e-01,2.101935178715754748e-01,2.552070612084389456e-02,-1.593631736975091862e-01,-2.244932173927618457e-01,-2.030444793436328998e-01,-2.451200320256206044e-01,-4.809857810663933364e-01,-5.998087505336838765e-01,-5.953022992278922398e-01,-4.991597579099677495e-01,-4.141865625045516586e-01,-3.295542675525906517e-01,-2.175986719311766571e-01,-1.179389598515518389e-01,-6.298310543698609765e-02,2.538954081919621297e-02,2.310312059627999126e-01,4.609435697752115035e-01,5.323882204899860193e-01,5.134709052742278956e-01,5.589557742803962226e-01,5.337104791859251796e-01,4.146832989751957355e-01,4.622841614599709770e-01,4.362440770652219468e-01,3.458919120670648772e-01,3.953009919581664255e-01,4.012066239704073500e-01,2.280933419092009418e-01,1.179493942036554666e-01,4.098813393362393254e-01,6.972288365729699677e-01,6.522061137445283041e-01,6.518868348491482223e-01,8.015903662778696148e-01
5.359511301506743042e-01,6.778274613602751630e-01,8.841047374454318319e-01,1.158010427579207358e+00,1.455044761711620449e+00,1.616045058932216616e+00,1.508719207907454507e+00,1.242904003207733199e+00,9.072814770896755476e-01,5.806949861865523532e-01,3.232715056200365367e-01,-3.248474350400254451e-02,-4.802315828491300342e-01,-8.743529552394004867e-01,-9.454502725456499501e-01,-7.297339453302806866e-01,-4.342004093020745970e-01,-5.189026525650286548e-02,2.244845239349748112e-01,2.703081412938002637e-01,2.862417600994114908e-01,2.036879666198745664e-01,2.223388843402483994e-01,3.481763654935151053e-01,4.176960797797654723e-01,3.969480807143549450e-01,3.699106390635392705e-01,5.145235095858965435e-01,3.786107218415580844e-01,3.133935614208390175e-01,2.392880425719580151e-01,1.320992251420916030e-02,-1.175166423380377134e-01,-1.356169985194491945e-01,-1.320587422773857877e-01,-2.366658407835062761e-01,-3.845942663491348501e-01,-5.083956844154713384e-01,-5.560147401471935424e-01,-6.758219008408211659e-01,-7.274936977739980826e-01,-6.253094683318758396e-01,-4.891505401031933098e-01,-4.215421836553364665e-01,-3.735855548594367859e-01,-5.381135543133169774e-01,-6.572475537170414661e-01,-3.923682192389314483e-01,8.781679237108624969e-03,2.631146979410157738e-01,2.356861163814878146e-01,1.281739799795744150e-01,1.149180142173109320e-01,5.144947735800675659e-02,7.926735581913446627e-02,3.800108206117303045e-01,6.495550475012632496e-01,6.141558984965753698e-01,5.333197761331740505e-01,7.018480009211925941e-01,6.935411579649894964e-01,5.691480030997547734e-01,5.387264879052363620e-01,4.353220003835259755e-01,5.359511301506743042e-01
4.520553514685798913e-01,6.417645895288159874e-01,7.998224469372611223e-01,9.666583460260153027e-01,1.272640507977071955e+00,1.664565472751359021e+00,1.644292737577147445e+00,1.300773072760047278e+00,9.650284609242771872e-01,6.308527720954396623e-01,3.863343716381064108e-01,1.157401161692104830e-01,-2.417841163351024392e-01,-5.916330940504884728e-01,-5.985400502996736094e-01,-3.569196138529344142e-01,-9.639480221486051992e-02,7.343805946048664879e-02,2.155700118808921428e-01,3.240136595969108635e-01,3.600472384936482806e-01,3.690747168592738436e-01,3.200075734499208124e-01,3.826266670897185973e-01,4.764717093001011872e-01,5.548026101242549135e-01,4.668820670707670151e-01,4.322348144346701559e-01,5.791409504349247506e-01,5.182335750585631562e-01,3.444969996975603133e-01,1.033845394496826220e-01,-2.142759453685250115e-02,-1.051531755804913093e-01,-8.715814631968687998e-02,-1.762124760094949116e-01,-3.186550367799452221e-01,-4.234746023915911262e-01,-5.912291087286808411e-01,-7.464629737727095371e-01,-7.913739518168205755e-01,-7.793933160625964307e-01,-7.238429837935163036e-01,-6.790708228471699082e-01,-6.734121087088744684e-01,-7.107738694011775937e-01,-7.574500923149029008e-01,-4.970886393197078146e-01,-9.055067868797783692e-02,8.538689234409957418e-02,-1.423813802850093513e-02,-1.373945010963276703e-01,-3.021663013049964985e-01,-2.790581027166407768e-01,-1.283839674959197930e-01,1.245502848961160258e-01,2.617021117517374651e-01,6.788626885088872021e-02,1.518429626204851335e-01,5.672268955609069963e-01,7.182134801184312245e-01,3.298066458683659996e-01,2.604665784493244152e-01,3.654021890951914542e-01,4.520553514685798913e-01
2.586126977529875637e-01,2.558329234729578294e-01,1.484820042320508793e-01,1.299488556485753343e-01,1.671250140518304450e-01,2.955227321194874301e-01,5.663060728513311659e-01,6.914983027320767972e-01,6.539290626468937662e-01,5.367717272317495958e-01,4.630863068710233121e-01,3.439346317534686670e-01,2.107555348591979016e-01,2.403151566897179237e-01,2.504323271219153213e-01,2.232896485470043935e-01,2.344196487710195065e-01,3.209956206858595729e-01,3.990427395171133318e-01,5.053084567552866835e-01,5.261354028274816130e-01,4.748825314451125545e-01,5.817685709078228573e-01,6.418573215088126949e-01,6.356611995656353820e-01,6.340115508159308577e-01,6.351264646202149367e-01,5.264946132496250986e-01,5.220985844726233616e-01,6.602111780999648794e-01,3.977276467181872777e-01,1.738430967698740837e-01,4.438010202974940199e-02,-3.020120405861181911e-02,-8.041954092960457157e-02,-1.413935261888809025e-01,-3.176321626917382179e-01,-3.578065850184404262e-01,-5.135584076185748525e-01,-6.699242978053856490e-01,-8.042434367514164073e-01,-9.704534940141654742e-01,-1.047436815195781579e+00,-9.655397148400776119e-01,-8.723154191728244022e-01,-7.335160662793263064e-01,-5.571863954924501927e-01,-4.004173289524627921e-01,-1.221730134796601419e-01,3.545927721486852313e-02,-2.431190519061218192e-01,-5.752617124573745633e-01,-5.735939094087838530e-01,-4.597257972940431148e-01,-4.330929151532572075e-01,-4.317956389377461957e-01,-5.794850228178738405e-01,-7.522478077367316107e-01,-7.767168345854995604e-01,-1.065974414889190758e+00,-1.046022839912226221e+00,-5.693392439846615138e-01,-2.525524801041165723e-01,4.178766467586239597e-02,2.586126977529875637e-01
-1.933296378933341275e-01,-3.520228241382878931e-01,-3.375839877633640129e-01,-1.988250892923584812e-01,-2.362660302025229031e-01,-4.069693344901184062e-01,-2.485650083812659394e-01,1.159771340584863086e-01,3.478661186735489963e-01,4.634864926829725951e-01,5.121051238427450913e-01,3.083152711563132975e-01,2.683885049247318189e-01,4.995630506873525167e-01,5.261825051086254090e-01,4.154825279743759037e-01,4.046495247328497080e-01,4.866196217656586498e-01,5.953606235047304018e-01,7.052451926880893840e-01,8.021008882042174326e-01,9.192316756127315580e-01,9.697607004233191885e-01,9.702182634633873537e-01,8.351143868705058759e-01,7.664189952665558803e-01,6.850256565887070659e-01,6.831256781628147756e-01,6.455408961555000324e-01,4.551451002979146621e-01,2.729423718129436738e-01,1.709076516961276493e-01,1.160781301341817229e-01,3.025865342796696389e-03,-3.340084588455555226e-02,-2.208644681283986055e-02,-1.027434593393929396e-01,-1.990144886183670692e-01,-3.466953831616772508e-01,-5.372617444155722843e-01,-7.606122003468995807e-01,-9.992839440719948341e-01,-1.121303426899526556e+00,-1.099353994184330663e+00,-9.826302576495530294e-01,-7.895775515832411662e-01,-6.211188079592828704e-01,-5.998677716902971468e-01,-7.201706185054783660e-01,-9.574201089133979048e-01,-1.013271039214715064e+00,-9.173564081052196784e-01,-8.449679548736330759e-01,-7.612044348165114549e-01,-6.164521977067889402e-01,-7.932610547328180495e-01,-8.705969192628630893e-01,-8.131618627488822471e-01,-1.074388458315673089e+00,-1.378287158470000051e+00,-1.364523836121444234e+00,-9.511221834602647807e-01,-5.125941441383631281e-01,-2.011598016398499222e-01,-1.933296378933341275e-01
-5.734689095544254211e-01,-5.986183925915025128e-01,-4.764033698718831422e-01,-3.778299814977973403e-01,-3.318330379993691404e-01,-2.386076395090603874e-01,-6.132054558620453344e-02,1.616618028774603477e-01,2.827352860542012847e-01,4.466919955023183619e-01,3.358849201493794290e-01,3.944235151067787548e-02,-4.256193698033367001e-02,1.936873345403733182e-01,3.226624457112705624e-01,3.190258275501700047e-01,3.379395621882206324e-01,4.367303706036483879e-01,6.994252589421686706e-01,9.333765005166470008e-01,1.163700602760060043e+00,1.316683222199644732e+00,1.301967657028495262e+00,1.147563098708226592e+00,1.017767910192977743e+00,8.295650448472671190e-01,7.156632225749021137e-01,5.689267058530136367e-01,5.981712658877054167e-01,5.305930832968834832e-01,2.811671839472023038e-01,2.387430083907025602e-01,2.101973672681316796e-01,8.383024120577220462e-02,5.752902265906800761e-03,3.430546875686057984e-03,6.656229367242474937e-02,-2.200924235884565983e-02,-1.529361647225230270e-01,-3.470377750209676648e-01,-6.718451933696719669e-01,-9.780257855290536151e-01,-1.100904957876131407e+00,-1.084320238334438580e+00,-9.756177559807159838e-01,-8.222602147051528698e-01,-6.522996862765723103e-01,-6.356018042002229418e-01,-9.490455827476139694e-01,-1.200623023251135457e+00,-1.066720281776522228e+00,-9.451743529649047071e-01,-8.797848088346437168e-01,-8.627484518605880170e-01,-7.874516384137204561e-01,-7.104966080339265577e-01,-5.614927841109768059e-01,-5.415442738815930968e-01,-7.530568295209225660e-01,-8.870246995297181858e-01,-9.792375523699896611e-01,-9.042749101100560072e-01,-7.324408375794981829e-01,-6.079703375538463295e-01,-5.734689095544254211e-01
-3.380089087924653679e-01,-1.909152899202288534e-01,-1.454596357549469421e-01,-2.405237818742721467e-01,-2.699894630939399520e-01,-3.249758240307941692e-01,-2.312214185663056254e-01,1.262198555415451895e-01,5.348619005278311134e-01,5.041331509162256808e-01,2.779231720658318361e-01,-8.348946505092837145e-02,-3.544078014434226542e-01,1.049383472829884534e-01,3.235905145564209606e-01,3.825487883278835266e-01,3.399729338011031610e-01,4.426882466068803867e-01,6.576827511919512981e-01,8.089120396903222154e-01,9.425877828319769725e-01,1.176112475908461352e+00,1.244538362374115970e+00,1.194695588349090842e+00,1.113664841857513021e+00,9.747546043419421657e-01,7.811155030434249191e-01,6.641420567885740756e-01,5.613932475748729667e-01,5.705108175037069129e-01,4.931382907127929149e-01,4.295900931687623991e-01,4.436790737037263899e-01,2.016510099353612806e-01,1.593300740999260001e-01,2.704384839306146482e-01,2.150273834293131014e-01,1.845661186717857394e-01,5.102653893266095864e-02,-9.134373873021744972e-02,-3.520042316600044408e-01,-6.348882232700299166e-01,-7.756253819928373705e-01,-7.690879566185739868e-01,-7.627599844504595605e-01,-6.954638297646701384e-01,-5.522853644163309150e-01,-4.104074892203401492e-01,-3.359410045582989501e-01,-5.295062338125089418e-01,-7.628884962433863937e-01,-7.591811541608891600e-01,-7.073258266289412788e-01,-7.329130510786246999e-01,-8.069300984195619808e-01,-7.900657273501803246e-01,-7.033511649200017146e-01,-6.430558587693048223e-01,-7.424748300394372613e-01,-1.097641295097279368e+00,-1.315639315233411821e+00,-1.172711768319838921e+00,-8.786734750653620862e-01,-5.693329524946675324e-01,-3.380089087924653679e-01
-1.518541661876302851e-01,2.122972897239285284e-01,2.676793197775420019e-01,5.715497262340146767e-02,-1.145026621679549050e-01,-1.825430004126185612e-01,-2.537286417246361614e-01,-1.891741145092281640e-01,2.514122894316861423e-01,6.508732130009280414e-01,5.659493611861607931e-01,4.874521049081355639e-01,6.367032836762958059e-01,5.082805031876787005e-01,3.587349124740943918e-01,3.034051491265221667e-01,3.130402299660814958e-01,3.973053233926100991e-01,5.252946764100803190e-01,6.626618138174922290e-01,8.618754379551216704e-01,1.094250785296758677e+00,1.241252203340803995e+00,1.113242150995974011e+00,8.159598264973501047e-01,7.017575942938211186e-01,6.499558954203675798e-01,6.095578706049435969e-01,5.909733729637104416e-01,6.096049369407482432e-01,6.434098865624519048e-01,6.987039496793150395e-01,6.337758168427742866e-01,5.317621923227369152e-01,1.934695049670731581e-01,2.415506497551632714e-01,3.368284141270486143e-01,3.435212107463943565e-01,2.847253725479630404e-01,1.636934390229625724e-01,5.724025723928727327e-02,-1.593874164115643421e-01,-3.740282104264736063e-01,-3.311598559582707990e-01,-2.306792986544293489e-01,-3.662658582147448882e-01,-2.945256577400895415e-01,-1.003774314771062048e-01,1.763915082148711511e-01,9.809052249005689728e-03,-3.686998760984926404e-01,-6.343571428584028338e-01,-7.157773085092623555e-01,-7.667048621074632475e-01,-8.217710824015533877e-01,-9.411421102880597189e-01,-1.126963185241021570e+00,-1.060596646878261051e+00,-1.252952898962626849e+00,-1.565836816657581565e+00,-1.447690516266638472e+00,-1.036930585035514385e+00,-6.636399998469677541e-01,-4.427952702972127730e-01,-1.518541661876302851e-01
-1.731132399910093600e-01,-4.378328498236938593e-03,1.192142010971679045e-01,1.852389641718071578e-01,1.913633205099682377e-02,-8.708612603040213895e-02,-1.532662573605596823e-01,-1.529944619994949018e-01,3.598287604125205430e-02,2.489688769670668766e-01,7.009835141584044305e-01,1.086278759313630049e+00,1.081296395902899610e+00,4.755577133397264067e-01,2.778006659804329592e-01,5.235734353905672211e-01,7.740321183441560837e-01,6.541805831401503735e-01,4.478172746552800398e-01,4.619667385027695916e-01,6.023991602069558304e-01,9.272303573617247663e-01,1.323639090382720429e+00,1.192581100033594410e+00,7.011363914647399387e-01,3.082099666766738855e-01,1.994281150174547212e-01,2.703180271438467841e-01,4.232965948095425701e-01,3.796718843367641316e-01,5.526806678130319339e-01,7.092340397417721265e-01,6.205023523940342844e-01,7.251096791534487052e-01,6.690352916780233361e-01,3.327927242060025326e-01,4.525975286528189923e-01,5.187678176955647924e-01,5.078519814239373931e-01,4.059980323512146771e-01,4.347015563401459559e-01,4.488995677125456329e-01,3.426466241407429836e-01,2.346188016028312173e-01,1.932993707340205369e-01,6.246256367975036583e-02,-4.084919729760540241e-02,1.194990617759296436e-01,5.613238278246343027e-01,5.835873372237192491e-01,1.730581613219920323e-01,-2.018536450456934750e-01,-4.437405980536200389e-01,-5.494278641224520365e-01,-7.180833221103781749e-01,-8.029901310665681358e-01,-9.845241159433536504e-01,-1.148888633711867779e+00,-1.217175253858807649e+00,-1.314070487439744639e+00,-1.365204317216833108e+00,-9.900622295621426261e-01,-5.785254946870346249e-01,-3.794383552849013852e-01,-1.731132399910093600e-01
-3.048598104501136219e-01,-6.450485286594009882e-02,5.004966716479714028e-02,5.657331936444591480e-02,1.699172376072426160e-02,-1.429860645745476555e-01,-3.765929130976064521e-01,-4.298876285685078180e-01,-5.761780180891599157e-01,-6.047890759041517628e-01,-3.756069337814866294e-01,-1.304098015473574845e-01,-1.437567513911827133e-01,-1.846272128487473907e-01,5.060066935674767397e-02,2.539422197070358989e-01,3.479718863811238627e-01,2.503651821579783165e-01,1.341359682396682795e-01,1.156847452112597097e-02,-4.769563516199387676e-02,-1.223992212697823101e-01,-1.664127242292278708e-01,-1.912058749512932643e-01,-2.290987235507490893e-01,-3.933722783630930753e-01,-4.678542259647195389e-01,-4.173967193842876289e-01,-3.723035406336426822e-01,-9.954124574668878067e-02,2.715165538821576185e-01,3.012111280787960754e-01,4.267806855350567696e-01,6.217094601964827660e-01,9.029835109028790940e-01,8.736878458728924990e-01,7.169142313072758288e-01,6.586725025264661415e-01,6.887732224883609256e-01,6.880583861840872117e-01,6.645312567663224090e-01,8.308495910150983654e-01,9.317135592608498662e-01,8.370246522040736270e-01,5.512078337715485832e-01,3.590818603083080207e-01,1.707755081762095672e-01,8.826423143693186424e-02,2.232951365039949621e-01,4.545174219011596239e-01,4.695716942628961332e-01,4.379052173508790613e-01,1.339795140279818608e-01,-1.019740917232294652e-01,-3.468108533532771043e-01,-6.262564995152339886e-01,-6.951845286695534920e-01,-5.706170286747642706e-01,-4.304246055716581809e-01,-3.260808277020744717e-01,-2.672708004959973849e-01,-2.266530653441566623e-01,-2.816772975137875057e-01,-3.576327832182503164e-01,-3.048598104501136219e-01
-2.057975364712520960e-01,-1.106655529910517410e-01,4.853127516829444654e-02,3.862061464578425696e-02,-9.353275846304409669e-03,-1.508883537332098013e-01,-4.246784974861626538e-01,-7.299007864331155115e-01,-1.062105346140367557e+00,-1.333194037794850129e+00,-1.536243568035980500e+00,-1.398275045285169105e+00,-1.041629258541368674e+00,-7.303580197061076973e-01,-5.927592385675258813e-01,-6.771548274557120939e-01,-7.597404216347114492e-01,-5.262447548092252791e-01,-4.779131051239334793e-01,-5.292342005516125214e-01,-6.638913627372008408e-01,-1.055200280881502639e+00,-1.596764664289143987e+00,-1.694595613965925285e+00,-1.447539744095564851e+00,-1.240285221980129027e+00,-1.096129416328279316e+00,-9.130335613588362875e-01,-5.988200530389800047e-01,-3.207969960382553443e-01,-1.519706855672924850e-01,9.336165856484937575e-02,3.547725718373093695e-01,6.809186206122587182e-01,9.800984692589459479e-01,1.140344306993865242e+00,1.002051267279459257e+00,8.185149510737257383e-01,7.933723982349669690e-01,9.082813018278693695e-01,1.031945095761552800e+00,1.146457141099833876e+00,1.262365570371572598e+00,1.052709006400928793e+00,8.340686134304813315e-01,5.835318974643474155e-01,2.703410474583373690e-01,9.062681723885357421e-04,-3.133547976413905700e-01,-7.664695555809238059e-03,4.964146179280757853e-01,7.121409798901559007e-01,7.281797823339148934e-01,5.402116393732163679e-01,3.654183939308895956e-01,5.377401850449375909e-02,-2.414220081695782061e-01,-1.729010148601494712e-01,2.509039450548629091e-01,7.468591168816620662e-01,9.054304588641955975e-01,5.179119020988822708e-01,-5.391027689526387001e-02,-2.349911973062657200e-01,-2.057975364712520960e-01
-1.279843107122224377e-01,-7.668510952233953404e-02,-2.102025541612265180e-02,-4.595702781259980441e-03,-1.209328896162309985e-01,-2.587332710100717637e-01,-4.871969144101913618e-01,-8.483179940979030942e-01,-1.200423003646426956e+00,-1.342530510484470696e+00,-1.433519514978933707e+00,-1.372462450970329151e+00,-1.189600844347693087e+00,-1.174511839042499783e+00,-1.231030489593084365e+00,-1.040718965526604256e+00,-8.189374348789281166e-01,-7.247950861216230223e-01,-7.347790940660838821e-01,-7.975148787305781362e-01,-1.026263506599668363e+00,-1.468298232572558426e+00,-1.811965923278882062e+00,-1.873843705018974237e+00,-1.746604897421741853e+00,-1.676297731329186025e+00,-1.576917194343814721e+00,-1.195818095610171827e+00,-8.825897653331535864e-01,-5.674577232786930381e-01,-2.993615149625390992e-01,-8.980710010500107809e-02,1.587676085149033745e-01,5.592210324064722515e-01,1.043840939758429620e+00,1.252018915825147349e+00,1.156750826649011188e+00,8.794547243421004801e-01,7.771671213535931155e-01,8.506581470293652636e-01,1.065244435380032328e+00,1.190884180291543526e+00,1.174073262881984547e+00,1.170211472744407732e+00,9.476190538179811718e-01,6.196952499412099469e-01,4.252667098868677664e-01,9.494406212761541397e-02,-2.934669719018874190e-01,-8.129285239157024723e-02,5.575235351702253483e-01,8.917114976960109907e-01,1.031186212147400028e+00,1.007088605908206258e+00,8.390391680021064280e-01,6.800193907615391664e-01,5.312987854167524615e-01,3.115402853450440768e-01,3.969425912543733670e-01,6.850539877747680029e-01,8.486990008645294292e-01,4.307667573929759852e-01,-1.646910438664098142e-02,-1.305509816116833255e-01,-1.279843107122224377e-01
-4.115234421352684246e-02,4.081475676118331841e-02,7.592829762657352100e-02,4.622219553531664582e-02,-2.303015193044308795e-01,-6.387526143934443290e-01,-8.735962618715155115e-01,-1.006903260157744118e+00,-1.101623250604815585e+00,-1.129690191269570931e+00,-1.106452819481907213e+00,-1.159641571463571053e+00,-1.293749972945212878e+00,-1.297058832262141026e+00,-1.131806022526439914e+00,-1.003579544512478439e+00,-8.634727248009093081e-01,-7.572880002154362966e-01,-7.055923585427488209e-01,-8.197948395328744642e-01,-1.093289698330373261e+00,-1.354570208617850824e+00,-1.547876783169444437e+00,-1.677298192847813008e+00,-1.816191869702513007e+00,-1.824818171958459967e+00,-1.732878974048685405e+00,-1.655288342255286871e+00,-1.434889852782973207e+00,-1.155730746550128529e+00,-7.278216635013787794e-01,-2.856959119757714882e-01,-7.615430710299406214e-02,1.581300976553591253e-01,4.831531821732054643e-01,7.884387872760212357e-01,9.097992483106749351e-01,8.072576172248504545e-01,6.536689664247017362e-01,6.879757967112929418e-01,7.618144434617692973e-01,9.706286205779823817e-01,1.098747167708236994e+00,1.051791940025793126e+00,7.822340110652663547e-01,6.052535794784840162e-01,4.732805751901026370e-01,2.598192935157747074e-01,1.303528379439246043e-01,2.085090454208652355e-01,5.195978732182680027e-01,8.578761844638391754e-01,1.078440238701877663e+00,1.074072057824001503e+00,9.906006818586416962e-01,9.160067236037742200e-01,9.133602303496795027e-01,9.377875983784653702e-01,8.265702070048864814e-01,5.723053394488384349e-01,3.248518490406319126e-01,3.143617040753049485e-02,-8.376924670376827142e-02,-9.056845787861458885e-02,-4.115234421352684246e-02
1.121673147468025544e-01,2.176587767077282631e-01,2.666374420755225350e-01,2.011576136347222044e-01,-1.136684633444937087e-01,-7.112439202773326308e-01,-1.174627140682463544e+00,-1.271282590076687091e+00,-1.035356026214320657e+00,-7.083655448884085271e-01,-3.731075108820478547e-01,-2.393262869798766790e-01,-3.903470291003777737e-01,-5.438265925737673090e-01,-5.296583670872727634e-01,-5.649365210412160554e-01,-6.076306168965593946e-01,-5.966874877592069915e-01,-6.174592247007675283e-01,-6.741860877966130428e-01,-7.940517496008516751e-01,-9.632069619144186801e-01,-1.190343889075595296e+00,-1.509895459420162567e+00,-1.602265955228275418e+00,-1.489618602800384162e+00,-1.507858474015605132e+00,-1.391809174489544665e+00,-1.090084414015318970e+00,-6.853267433306365897e-01,-5.901132039460083023e-01,-5.260090080557429104e-01,-3.020878659478281048e-01,-3.409031679148242233e-01,-3.095757499543915214e-01,-7.665768451099705394e-02,2.692590991006294510e-01,5.249458857110501642e-01,5.817773139766093671e-01,6.291474115612971652e-01,8.040271484287961901e-01,9.204920885191190116e-01,8.477067753941791572e-01,5.665062639448577020e-01,4.584606076846987621e-01,5.663109507396930642e-01,4.018137296283600390e-01,1.665445662892092171e-01,9.453637760532673795e-02,1.493961822201988476e-01,3.036174060718786483e-01,5.426653642189183113e-01,7.779980864058306800e-01,1.029364297572001208e+00,1.119551329826208086e+00,1.109233404925982658e+00,1.031731871074266449e+00,9.820263864641983753e-01,9.358135196530268374e-01,6.506160585427697152e-01,3.165940684791636595e-01,1.301163503808058508e-01,-6.843447393522281152e-02,-1.329372238846208976e-01,1.121673147468025544e-01
3.731751851609925730e-01,4.465110536038471301e-01,4.372878281373092646e-01,4.608247471063587897e-01,3.770362642139847842e-01,5.198978316179475589e-02,-4.362239967441615685e-01,-7.157678687968249687e-01,-5.665733617383696963e-01,-3.279359165374036156e-01,2.432001123083726846e-02,5.166836007399693287e-01,8.417178310755306647e-01,6.369655275204444411e-01,8.726384809267062614e-02,-2.990914361835953494e-01,-4.593112132567679362e-01,-4.503200251034781831e-01,-4.457306963663599797e-01,-4.716950444805900200e-01,-5.116388672537786064e-01,-6.562959446275450359e-01,-9.261948644849070655e-01,-1.190804322799628334e+00,-1.288612122235724744e+00,-1.722157068621235521e+00,-1.817509047228421215e+00,-1.380464274089876486e+00,-8.368566180292458245e-01,-2.874051704145249020e-01,-7.212704102986716714e-02,-3.542274947177198596e-01,-4.419541188045725821e-01,-5.093889872595436241e-01,-7.896532174834292039e-01,-7.368321378629760776e-01,-3.556544332093050098e-01,1.415296145123171589e-01,3.904214231531548118e-01,5.116296345466390116e-01,5.594563027248329323e-01,6.562330143391176263e-01,7.891706758869005967e-01,8.141015597888303645e-01,6.709077850150404476e-01,3.747429794944570625e-01,5.157532067570591572e-02,4.586305864036424595e-03,1.704433826728396772e-01,3.503870626606337968e-01,4.244416532207500037e-01,4.252055488375386383e-01,4.817102105034403170e-01,5.682689848489848039e-01,8.008747808825291692e-01,9.943081580100936456e-01,1.051895975327450827e+00,9.764830124195132965e-01,8.397334354689953706e-01,8.110021278526291511e-01,6.463853155204135614e-01,5.033810057257769310e-01,3.230036314353740279e-01,2.629999700409642038e-01,3.731751851609925730e-01
7.950950255837545555e-01,5.898783898456587682e-01,5.079157610689228886e-01,5.940188566389013047e-01,7.230482587432098818e-01,7.549205514792158844e-01,7.872048097406827427e-01,6.354508323029696149e-01,4.271617902498164865e-01,4.101879141804168905e-01,5.182537900594773594e-01,6.584622391629012528e-01,9.002437522319263197e-01,8.468532793172125483e-01,3.603884804616799276e-01,-1.825479337355803144e-01,-3.016219495879325363e-01,-2.317794995559294136e-01,-1.654047226115860081e-01,-1.418322962693148725e-01,-1.892343613253265611e-01,-3.837840929195802664e-01,-5.601078669422021594e-01,-6.916406878215670684e-01,-9.068908065340242075e-01,-1.375882049257747930e+00,-1.409646316763711660e+00,-7.497337919735889145e-01,-3.419979759404445097e-01,-2.131952174336282368e-01,-2.001542701019366488e-01,-2.262411490112478107e-01,-3.966506820421911161e-01,-4.593118234615904960e-01,-6.371022713515444025e-01,-7.772015429071967851e-01,-6.401463148627969391e-01,-4.021703110168308726e-01,-8.829935702376436046e-02,3.686597153565390750e-02,2.296903651597919094e-01,5.556599659829333238e-01,6.311316768153811818e-01,4.332056395225760137e-01,4.806867239003842496e-02,-1.743220102122153836e-01,-8.229687142927955001e-02,1.194750113840746808e-01,1.916321697915909228e-01,2.651544826057594118e-01,4.839508236271280461e-01,6.319598876182216385e-01,5.943118113633703015e-01,6.196162146100125945e-01,7.017523548967654623e-01,9.250880910934966561e-01,1.004626375056564047e+00,1.007293742701874439e+00,9.430363083767157040e-01,9.060457676519796388e-01,8.377563642822092316e-01,8.622883907520431102e-01,1.033829279004878865e+00,1.027750858154733216e+00,7.950950255837545555e-01
8.373667280405278079e-01,5.392006869120521406e-01,2.709818112103230536e-01,2.101440158563538940e-01,4.008034212871658397e-01,7.016306372100866717e-01,1.063065851901168646e+00,1.128425701502792089e+00,9.229747682998413749e-01,7.848053778429291416e-01,7.425723740924864424e-01,7.175474102076965233e-01,7.147150666210803083e-01,6.627915904203808273e-01,2.679440216383938145e-01,-2.202280602463393411e-01,-2.081462790872244395e-01,-6.875416691918667667e-02,1.417501143306308942e-01,4.113540775458898180e-01,2.519250819230615113e-01,-1.115464690940217163e-01,-2.019541042034827538e-01,-1.942707584576545687e-01,-1.361931895155180094e-01,3.072675997251820834e-01,6.470768606513263022e-01,3.921090191437801575e-01,2.066069691471996983e-01,1.263266799773782312e-02,-1.013957243691356036e-01,-9.387582296874733001e-02,-1.714016725084807347e-01,-2.949112498985513309e-01,-3.724647734320419845e-01,-4.592139621389447757e-01,-5.165394865534791435e-01,-4.209995376246788434e-01,-4.646512551863469787e-01,-3.883936968339589679e-01,-7.759167537545291760e-02,-8.927704343998857373e-02,-3.409068357736332322e-01,-6.310632843854331320e-01,-6.421953528210706530e-01,-3.790039438353746681e-01,-2.947077322930460874e-01,-4.107402908866801261e-01,-4.687767394925760334e-01,-3.166321284107471712e-01,-7.730537882977689401e-02,1.984999738749812226e-01,4.227574116757541467e-01,5.130864839191053850e-01,6.597318994044988338e-01,7.383336484673084232e-01,7.558921676356153974e-01,7.911427266779185175e-01,9.418708414102855420e-01,1.023553499811887590e+00,1.076208798801540301e+00,1.116499343645212861e+00,1.218689072810331453e+00,1.195811886634687848e+00,8.373667280405278079e-01
6.384935862124517802e-01,3.483812334144567591e-01,-5.878552471229764320e-02,-4.269459578964829305e-01,-4.012866573376037138e-01,6.083114375953459219e-02,4.722197291693439603e-01,7.577201026487523361e-01,7.957275408088230195e-01,7.562166263150869039e-01,7.236868925601037672e-01,7.192522231048346093e-01,6.067333309321374379e-01,5.192280616927409387e-01,3.502226616672299842e-01,1.897265138697799003e-01,5.076162405787731924e-02,3.435429774826037619e-02,2.511611486889271383e-01,6.570323776984710040e-01,4.152401489410265656e-01,6.229857066507371588e-02,9.218776533703353787e-03,2.578257388547202655e-01,4.718037519573900496e-01,1.036628092728216988e+00,1.354614694684689091e+00,1.036673903447019596e+00,6.910988490344162072e-01,2.976837832125368566e-01,9.306155139111239871e-02,5.354958327347947300e-02,-3.075539209153377307e-03,-1.039774794591072915e-01,-1.614354976595143709e-01,-1.670404647479183380e-01,-2.239701323626992480e-01,-4.003918626752878684e-01,-4.512709884739967703e-01,-4.197057695472148908e-01,-5.097349462535694098e-01,-6.709890494378998316e-01,-8.362270644475944259e-01,-9.751675392056260439e-01,-8.937738888264331605e-01,-8.289025348665980397e-01,-6.837783319413592853e-01,-4.164597092994509753e-01,-2.935840933238849093e-01,-2.568242613690663867e-01,-1.455635160360582714e-01,-4.230676827867807521e-02,1.717200549814926758e-01,4.017983965719913453e-01,4.850416887194814453e-01,5.437336478487909686e-01,4.667260061515761671e-01,3.495879924439167508e-01,3.543346153706249946e-01,5.549854204514672595e-01,7.918434657990136571e-01,9.250037406171184307e-01,1.013682714074856772e+00,8.858076780711076070e-01,6.384935862124517802e-01
4.270160256758703810e-01,1.378735518793566261e-01,-2.225984831624082949e-01,-4.929322134490893847e-01,-5.207882268107796309e-01,-2.506519305350297655e-01,1.510313996597124897e-01,3.766285858672382414e-01,4.818485823090234987e-01,5.404195437313329409e-01,5.868129716794634465e-01,5.945273756098952145e-01,4.833951478053174489e-01,3.149053707953141656e-01,3.459974280420908821e-01,4.442886100516932335e-01,1.898232986923975019e-01,-6.541692270215898608e-02,-2.340454996752202310e-01,-4.590627449462402199e-01,-4.653880370159125257e-01,-2.116966807447191179e-01,3.642483147492683870e-02,3.299058894447081669e-01,7.575317399745538083e-01,1.058781362790881087e+00,1.252207671471895711e+00,1.189847266814228366e+00,8.628537750556195540e-01,5.130026481073104438e-01,3.011226154073272099e-01,1.895257090587453286e-01,1.525927785407957815e-01,3.877372590902428140e-02,-7.170581321392255347e-03,4.600255204670972153e-02,1.044544584361727368e-01,1.098600670352554709e-01,5.133869727738721300e-02,-2.887004487916554618e-01,-7.509999775572131497e-01,-7.190343049112297713e-01,-7.085498947387214308e-01,-7.592449013743832742e-01,-8.725325608740298611e-01,-1.012965113077964885e+00,-8.847733703427785867e-01,-5.290735185833437271e-01,-1.648581486771766302e-01,-9.484734021438101514e-02,-8.019072976566593569e-02,1.533276630068525215e-03,2.005070192982546518e-01,3.705466413343935783e-01,4.379852369969570725e-01,5.062280480218703804e-01,3.868342502894607238e-01,-8.825160032080570094e-02,-2.248283328950765603e-01,6.731456760329990185e-02,3.172223416351556691e-01,4.511288845597642982e-01,5.303091848950790554e-01,5.288079629740377596e-01,4.270160256758703810e-01
2.294524745249555409e-01,-3.866554315143977405e-02,-3.557331530114399842e-01,-5.312746709997179240e-01,-4.643692000019238875e-01,-1.887985698344282759e-01,7.342087652157838762e-03,2.106919951225983134e-01,3.499964549939658109e-01,4.870154429240473037e-01,6.774009249642277686e-01,4.151640528326570601e-01,1.002134207919380682e-01,6.701863097979160466e-02,2.631046515456533785e-01,3.309475923648097506e-01,1.212501203963715080e-01,-1.973051587065660917e-01,-6.942173754410461139e-01,-1.294912384910878123e+00,-1.096217258641959180e+00,-4.866604765746201378e-01,-5.978514880452442948e-02,3.141066927563253008e-01,6.632760876296761587e-01,1.016988413060845975e+00,1.119152253782278006e+00,9.836664702223599788e-01,7.094913378095066836e-01,5.183939420151948418e-01,4.593565094090680812e-01,4.363411419693845605e-01,3.269525361184230094e-01,1.841599676496388227e-01,1.893097459349455947e-01,3.864761756540232573e-01,5.377668063379495988e-01,5.950672362003452953e-01,6.051351290062840782e-01,4.013815118877159804e-01,-1.910839409557976709e-01,-6.154237986814954375e-01,-3.568358941428571574e-01,-1.755759894570542157e-01,-3.503738142232173947e-01,-5.147124546848144133e-01,-7.718615290265786744e-01,-7.209460614616363117e-01,-2.848530318707812592e-01,1.053468879917157652e-01,2.748831397349674188e-01,2.332718837296988146e-01,3.112403044088150050e-01,3.788553086240831203e-01,4.154427957406506833e-01,6.448449435917169570e-01,5.006328421437929999e-01,-2.606474726833288291e-02,-6.302482200921832867e-03,2.567309370684520697e-01,3.520209465277831518e-01,3.550052849573329117e-01,4.210267677594651259e-01,3.738342334723607774e-01,2.294524745249555409e-01
9.446081877047647624e-02,-1.581082646099063460e-01,-4.323751910945521915e-01,-6.010027687974035526e-01,-2.837911044402091632e-01,2.591003179303388859e-02,1.354770424750829927e-01,2.010171537545802356e-01,1.539182283642255289e-01,1.586683641650330767e-01,4.602442422173946834e-03,-1.584590896451804065e-01,-1.329697304566068716e-01,-5.208379971092080840e-02,1.212512806705239865e-01,1.511684918341534289e-01,-1.512434950511039322e-02,-2.680416268506418120e-01,-5.873780734520763769e-01,-9.063795197824789929e-01,-8.304179008654778427e-01,-5.503051574714588057e-01,-2.245530184726241552e-01,1.248708823410066976e-01,4.478296402468536774e-01,6.342777823276092297e-01,7.160535377492068809e-01,6.763299953453185687e-01,6.531250901642485784e-01,6.896364504066930801e-01,8.108930647903027644e-01,8.138033853932842288e-01,5.285509747019510041e-01,3.841371436097771319e-01,5.094375038728985450e-01,5.912910986553908677e-01,7.175573768960012977e-01,8.544453917504304385e-01,9.438402129518121964e-01,9.874622851992153061e-01,8.667093483819813260e-01,3.848334846631539241e-01,7.997181770812283874e-02,3.797300711631396153e-01,5.106600557377960481e-01,1.383819765048189820e-01,-1.864976836532306337e-01,-3.970676263121074578e-01,-1.303098121799095566e-01,2.729689459658228290e-01,3.072704453757236776e-01,3.500198600963964624e-01,3.652993631227460236e-01,3.475133584276049459e-01,2.669633980167568921e-01,2.220005814653543408e-01,3.360687814987369793e-01,3.582531791353766870e-01,3.927421828615442201e-01,2.195143368054283117e-01,1.526011449250128105e-01,2.687829389223748144e-01,2.325659217910758525e-01,1.563868605829739911e-01,9.446081877047647624e-02
-7.216017556241796638e-02,-2.589203637511720002e-01,-4.210414108553041102e-01,-3.581728858101893564e-01,-1.861397704433576661e-01,-1.263206345025060240e-01,-4.616973814281530308e-02,-2.192645812389434901e-02,-4.286407826176860669e-02,-2.505419879560509822e-01,-4.547543371913913557e-01,-3.864250034436728654e-01,-2.721326679913946278e-01,-1.001355156979032435e-01,4.466205904788334013e-02,6.703966231098035244e-02,-7.202935378943646494e-02,-2.860332617502142627e-01,-4.776649982271368722e-01,-5.790847429776149191e-01,-6.014851518391332030e-01,-4.922187644607559087e-01,-3.133076353002558490e-01,-8.494386433315255502e-02,1.544885001713008910e-01,3.812444746864144807e-01,4.968984562578350195e-01,5.423755424978319306e-01,5.235634914521124506e-01,5.113107594501047348e-01,4.847335171642861429e-01,4.903409986429602130e-01,3.676038132003566772e-01,4.844989075315225824e-01,6.067730649237497165e-01,6.314476187678096375e-01,7.091684966275332291e-01,8.566732956053484394e-01,1.025155902237214978e+00,1.135710184974546122e+00,1.232742481630384912e+00,1.086286490403855609e+00,8.293927080405061325e-01,6.686447707799543227e-01,9.551776665798051846e-01,1.063061817701288714e+00,7.898708437844780272e-01,4.620511797271600885e-01,3.008644853617853387e-01,3.474667469676304687e-01,4.243515134775350250e-01,5.693918641790141066e-01,3.729506234553261468e-01,2.695769927016363754e-01,1.575144010933244298e-01,-1.910446973614371990e-01,-4.885738405758488501e-02,5.789890441219662787e-01,5.056469961938996338e-01,1.941009403627492469e-01,9.103698333083690142e-02,8.990374390495722845e-02,-1.961068413040040204e-02,6.701797038445490851e-02,-7.216017556241796638e-02
-3.099490788541258146e-01,-4.267322525963591628e-01,-4.193577416823437432e-01,-1.783654979740776081e-01,-2.704950654727549253e-01,-2.822323712290903952e-01,-1.763155589035840798e-01,-1.431845405883794831e-01,-1.450759819826890340e-01,-2.600358336353899014e-01,-3.610347588893434434e-01,-2.681121238327797140e-01,-1.219504736699217329e-01,-1.350799239535366292e-02,4.369906425420116980e-02,8.033822584838923309e-03,-6.125041875497316823e-02,-2.222662427938045804e-01,-4.395694675033322563e-01,-5.980205325096241697e-01,-6.577438510857879228e-01,-6.363306085259328171e-01,-4.916301109793576041e-01,-2.340078180419923881e-01,4.177018864129458664e-02,2.657548009151309287e-01,4.481767166245228529e-01,5.150462552845924691e-01,5.302196755382312388e-01,5.094916603469418215e-01,4.167161518235901752e-01,1.415748177693363641e-01,2.372870990101542121e-01,4.398339106126539777e-01,4.593023674645042576e-01,4.782713095338852471e-01,5.056302757216699639e-01,8.128700807153634855e-01,9.631049597353718017e-01,9.601921009689675657e-01,1.030955010045434106e+00,1.114056590918196088e+00,1.056864523155630398e+00,1.023904622617093363e+00,9.909117290344477968e-01,1.242995867173407376e+00,1.302106334122806519e+00,1.029727919427252836e+00,7.567647230255436508e-01,6.705445684046893451e-01,7.480238529362358557e-01,6.786762469763093497e-01,4.905961497853345010e-01,2.070925297783666741e-01,1.157992490204425851e-01,-9.928353913036847000e-02,-9.154993201751215892e-02,2.393366867308068802e-01,2.337992768102060692e-01,1.338107709051746252e-01,8.362580619845555452e-02,-5.849914237101334208e-02,-9.395282836296961482e-02,-1.557464034234004036e-01,-3.099490788541258146e-01
-5.150375181065167673e-01,-6.583586910101431044e-01,-4.955466342005585556e-01,-3.897658213522473547e-01,-3.676099097744707223e-01,-3.303421682665603765e-01,-1.910078402411466980e-01,-1.529949772034462641e-01,-8.221765071210639098e-02,-8.521994432652156559e-02,-2.105328658597323266e-01,-2.022525430724563256e-01,-1.464391355903915115e-01,-6.322223747917060654e-02,-3.654798738029052529e-02,9.176795071922966285e-02,9.067814143208642597e-02,-9.408406516583876777e-02,-3.006436548321066438e-01,-4.974949561585323976e-01,-6.241673173919282114e-01,-7.006945613059086808e-01,-5.814672724378997515e-01,-2.478194876081218911e-01,1.358774168342369026e-01,4.338930368662896608e-01,6.796924388542529005e-01,7.825350397624328824e-01,6.858584897155871607e-01,5.563084672722758972e-01,5.080792327484437987e-01,4.773747775980929919e-01,4.363152528679714037e-01,4.523754901509899895e-01,3.595656202493886511e-01,1.806366229146695868e-01,6.082783499889606038e-02,1.466510912161093083e-01,4.304972419373532810e-01,5.907398530357400590e-01,6.343564146135407533e-01,7.292089510779593553e-01,8.760404026224957175e-01,9.258571310780527863e-01,1.020079325961066097e+00,8.632968821675599536e-01,9.511561687806703302e-01,1.033456757367225309e+00,8.461532995665100865e-01,6.588399550245485070e-01,7.050842946007477297e-01,5.090750080122591337e-01,1.675716686761780094e-01,1.021133502799576043e-01,1.072541743584931595e-01,1.322154088425745444e-01,1.179580371273516448e-01,1.932212116015922243e-01,2.564288838733978504e-01,2.228589303594599724e-01,9.396579362051010742e-02,-3.218815900421645448e-02,-1.471499767666157865e-01,-3.302685879428042814e-01,-5.150375181065167673e-01
-7.034337666506479403e-01,-7.258523446740331453e-01,-7.258546851000640121e-01,-6.463446269383091858e-01,-4.184544823433015148e-01,-1.897884746417001223e-01,-3.604018176570248505e-02,2.325972832605417706e-02,-9.185648994837020131e-02,-1.262928239888050364e-01,-6.772303895653725148e-02,-1.208590621872576154e-01,-1.781407968018541288e-01,-2.112737321106589738e-01,-1.186483130992537771e-01,7.431355015048908552e-02,2.046438133855107977e-01,5.892312285091438895e-02,-1.153935656306087632e-01,-2.800216765096990579e-01,-5.513935333031049213e-01,-8.286357878502046415e-01,-7.081026406372861182e-01,-1.994034870650708002e-01,3.499189603819156114e-01,7.385845217449661382e-01,8.497340325471862688e-01,8.346222372416818303e-01,8.828555479563402475e-01,8.052696119930723428e-01,6.702465907500680942e-01,5.953418449920482303e-01,5.864305311489020900e-01,3.707373327998291224e-01,1.443254064182896701e-01,-9.307267019471401892e-02,-1.432340708249817129e-01,-1.698022964706944471e-01,-1.792634606755828808e-01,2.561403274528512714e-02,2.309442288892953610e-01,4.530852625761893626e-01,6.085211584885640290e-01,7.004524078620929517e-01,4.303289220586322128e-01,2.911233687039123108e-01,3.959388757123782354e-01,5.908167454775141714e-01,4.338945519276071194e-01,3.696440277745761671e-01,5.424186905805623571e-01,1.324465441596996418e-01,-1.935000516152008965e-01,-2.740653004501378831e-01,-1.719769691222345909e-01,1.238714866835252115e-01,3.226723170385636941e-01,3.927949670990188435e-01,3.653583768884370309e-01,2.858842659735951197e-01,2.085643934553488288e-01,3.558823355718909731e-02,-2.119707731293241082e-01,-5.106501520188388987e-01,-7.034337666506479403e-01
-4.749769551844803539e-01,-5.319246311465253285e-01,-5.779376521400115818e-01,-4.130954628977260290e-01,-2.168270599763739148e-01,-4.705919339849513883e-02,-8.442942758702498551e-03,-1.808190926569941404e-02,-1.218327647959978610e-01,-1.600247769988006330e-01,-1.887117791768470609e-01,-2.195775661235730425e-01,-2.915538492811218796e-01,-3.312040514796065205e-01,-2.530721508825789501e-01,-1.270415900447485480e-01,9.140985070909660171e-02,2.793058075571837051e-01,1.715263551875758352e-01,2.703357792764455453e-02,-2.376102217333279365e-01,-4.037892052953190314e-01,-2.507552384093538200e-01,1.270051016242900177e-01,5.249825220392756453e-01,7.932728998528443265e-01,7.505530466284680013e-01,6.454000677043512102e-01,6.714236485015165901e-01,8.488844178056462741e-01,8.740813513346362695e-01,8.714781049046955719e-01,6.190869880869206421e-01,3.084334773498030868e-01,2.413800358657432199e-02,-1.808549289949481775e-01,-2.599051814637274305e-01,-2.832704319068839460e-01,-9.494645940364872250e-02,-2.005126582252932804e-02,4.550467498297389862e-02,4.255619196303614404e-03,-1.045681263041248615e-01,-2.338721518487378581e-01,-2.511160580625873551e-01,-4.780962882933670333e-02,1.309452322104532329e-01,8.543294083241698145e-02,-1.598946953586432018e-01,-4.895835327807793735e-01,-1.042009081764718070e+00,-1.082862076128604301e+00,-8.376151007135693716e-01,-5.645875187378311955e-01,-2.487937484940292709e-01,-3.053385958870860617e-02,2.572824596451701584e-01,4.582878733126795057e-01,5.426092583580257589e-01,4.281207564777358976e-01,2.672654814481738028e-01,9.504489779314317932e-02,-1.061796914753929677e-01,-3.648116890620735076e-01,-4.749769551844803539e-01
-1.318892158684905613e-01,-1.378519636004456039e-01,5.462369867146538160e-02,6.510599888934548440e-02,-1.205987737806812898e-02,-1.535754430634065082e-01,-2.568873912335552512e-01,-1.375395884150526216e-01,-4.834704290258422243e-02,-7.186686121006938266e-02,-1.287038981255266834e-01,-1.116128574842635002e-01,-1.302370092426142767e-01,-1.729897804329523225e-01,-6.893179343320732233e-02,1.480965085666531567e-01,1.324066992518274644e-01,3.481162612496810915e-01,5.208701350495563709e-01,4.226847705937042399e-01,4.721100579608615844e-01,5.464961028989262504e-01,5.693280519899313052e-01,4.976448074365701357e-01,2.925572196759226307e-01,-7.715579311301085097e-02,-6.541418225960840549e-02,1.711011503753117058e-01,4.156740418359522460e-01,6.048895253468353772e-01,7.163063016718271836e-01,6.374204065371991135e-01,4.621970762547135680e-01,1.851482526148756635e-01,-1.095234570173230781e-01,-3.250594106096031388e-01,-5.248656282611465773e-01,-7.449283875824935786e-01,-8.169043504850771464e-01,-6.738981043621564693e-01,-6.713581433990710723e-01,-8.271778787210463113e-01,-9.592873831766433046e-01,-8.643717458798941822e-01,-5.473901267474432508e-01,-2.954146363178272172e-01,-1.886993522638883425e-01,-2.839934376900624668e-01,-5.276227004781129937e-01,-1.059600025368412801e+00,-1.479998838829224894e+00,-1.232680800354134742e+00,-6.517182582463334484e-01,-2.254011628617314522e-01,3.048591608403244946e-02,1.089269504897023011e-01,1.788708183952436026e-01,4.703477241526545782e-01,5.859722162513835153e-01,3.727102305483313005e-01,2.179021844837952804e-01,1.005686336917461787e-01,-5.671112504683017974e-02,-7.909115869639626872e-02,-1.318892158684905613e-01
4.114186987339618629e-02,2.641890705988218513e-01,3.753654427628557722e-01,3.047496113007961416e-01,5.506990274146383868e-02,-2.043301150336810368e-01,-2.793884703267028868e-01,-2.004513870746913173e-01,4.299752699631564923e-03,1.954395315235244457e-01,4.028315729278335033e-01,6.465789622188644614e-01,9.307668450583189701e-01,1.206328121111458263e+00,1.176333303181104295e+00,8.997443201253080280e-01,6.099727342071111780e-01,4.372047511334936076e-01,6.979155017256502003e-01,7.379127449244244907e-01,8.407993610446731214e-01,1.116785451120814399e+00,1.015535066394372521e+00,6.583377871912268198e-01,-5.492755911069235886e-03,-4.493716117594022119e-01,-2.907781385434845545e-01,7.553692264940736756e-03,3.877124811163893403e-01,6.692885724010630977e-01,7.408828683285357819e-01,5.027816234771416148e-01,2.743850617799949987e-01,9.783936317920821635e-02,-6.263236406675409818e-02,-2.946102828836235643e-01,-4.812146079419068467e-01,-6.680732958931806520e-01,-9.290547154289343634e-01,-1.101498893159732040e+00,-1.107475938910142066e+00,-9.731565927419749684e-01,-6.714931335440769145e-01,-5.910199711532271305e-01,-6.352228516752165266e-01,-5.168371791702068840e-01,-5.191088332272473238e-01,-5.688631948272795391e-01,-5.583295184489236451e-01,-5.494688043460579374e-01,-5.710510259790833043e-01,-4.271790694678872513e-01,-3.613658779832167878e-01,-2.963461752281772443e-01,-7.810802555597629038e-02,9.805989686016494677e-02,1.122081268516408881e-01,3.140614290009515752e-01,5.550479493204719672e-01,2.732453476172059803e-01,1.401356656758115105e-01,7.915113041184423937e-02,-5.158294034691335295e-02,-9.775854538775896607e-02,4.114186987339618629e-02
8.040445400874507431e-03,2.412430713376972902e-01,3.653305606424310792e-01,2.384115759321591144e-01,-1.083911695777750595e-02,-1.858005293061721352e-01,-1.539640811506879925e-01,-1.309258918978446484e-01,4.515821048902713200e-03,1.945915170997775945e-01,4.740396753133835350e-01,8.278612697992012714e-01,1.322415924111017160e+00,1.672695810666775085e+00,1.642118216698692068e+00,1.182601447943187001e+00,8.197244928317488633e-01,6.530130251493773130e-01,6.760335151088578964e-01,7.468283902952324027e-01,7.849488333187759626e-01,9.361848942365573745e-01,9.144592923113634697e-01,6.409732103085464816e-01,1.760702349139754430e-01,-3.591644861630541863e-01,-2.017889778722850025e-01,1.597115349698964015e-01,4.898444758965603274e-01,8.060911818474426616e-01,7.842660065396998004e-01,5.123650633414624789e-01,9.119167547740533730e-02,-6.603261540588367673e-02,-1.075478776719169249e-01,-2.274513906288628817e-01,-4.601673363505074388e-01,-6.222035849475663349e-01,-7.902390440133124638e-01,-8.753392105876158791e-01,-8.721338267223512908e-01,-6.411459442074134429e-01,-6.552932799718054202e-01,-7.540771916335067271e-01,-7.098250878692897725e-01,-6.920145869075841061e-01,-7.506728597792686752e-01,-7.164760792210979057e-01,-5.260470251205000558e-01,-3.092840594773434981e-01,-2.100546562748319412e-01,-3.378654885298165156e-01,-3.917714350057753814e-01,-3.957807863589192787e-01,-4.269750003948167283e-01,-3.225232779375679648e-01,-2.527280439518085897e-01,-4.640160614633653258e-01,-5.438916716548992669e-01,-2.154572096109210744e-01,2.159816254294447124e-02,5.343961894984006200e-02,-8.388894587138073788e-02,-4.941107512139270019e-02,8.040445400874507431e-03
3.923957487795989851e-02,4.982975341991086049e-02,8.678683695273800569e-02,6.186240441303644810e-02,-1.312713432708433325e-01,-2.396271128955122787e-01,-3.433441152630751780e-01,-3.338569644072771903e-01,-1.629509301735505566e-01,5.713689838298155466e-02,3.409929088014765908e-01,6.867943378133551935e-01,1.103215613602456902e+00,1.402575358738923805e+00,1.319580726499846701e+00,9.865317514082569961e-01,7.670712338717922130e-01,6.479518254806262423e-01,5.292322727252413150e-01,4.506012096006200562e-01,5.098099222007654863e-01,6.219732530897426059e-01,6.854296453668405897e-01,4.650311386425718396e-01,3.456234419852363127e-01,3.593140930172219472e-01,9.509858951526772852e-02,1.199290597671272551e-01,2.457166962278842792e-01,2.633535872390386778e-01,1.851087017273339019e-01,8.993719398000589449e-02,-1.151821976077175014e-01,-1.329501759532648597e-01,-1.745380918256023151e-02,1.414403749337028726e-02,-7.639383980851771616e-02,-2.750769425553710179e-01,-5.561792853010341098e-01,-6.963127514439515497e-01,-5.910068193565868322e-01,-6.076153046539201075e-01,-7.108477793168950232e-01,-6.305654800497759727e-01,-6.352629266035693112e-01,-7.776641275128439723e-01,-8.212500572881293870e-01,-7.258522751811756768e-01,-4.383166358667694995e-01,-3.616048928462086698e-01,-6.496309537875885054e-01,-7.587963198066436377e-01,-7.816914102753294014e-01,-7.201629099951631918e-01,-7.256446827413428613e-01,-6.438917549529048490e-01,-4.883402237528106093e-01,-6.711321801033494072e-01,-7.235475294598845419e-01,-2.582810046979545637e-01,-4.082027094144916046e-03,1.435699897195943237e-02,-1.331634314092698390e-01,-1.300536637411198182e-01,3.923957487795989851e-02
6.593101621334220008e-02,7.300748039766107034e-02,8.448879857724533871e-02,-8.273769099307926034e-02,-2.612862756847431633e-01,-3.422754361780738774e-01,-3.406482566491508823e-01,-1.730987523275979156e-01,-7.839750979785764518e-02,1.237664344563693675e-02,1.560820455347707025e-01,3.567367166607127715e-01,5.031913288822553731e-01,5.626589355701553385e-01,5.042125689520245979e-01,4.450899043144499467e-01,4.219915884586138977e-01,3.917200697967540557e-01,2.268475996859873889e-01,1.437293958273333228e-01,3.293362586728127983e-01,3.872625880830824485e-01,3.234555841936960219e-01,1.702887147006107438e-01,1.385368379699828123e-01,3.817808219041982642e-01,1.181113871364212198e-01,-1.043787878173227379e-01,-4.258166350738112338e-01,-6.950850446045321318e-01,-6.556680638288245877e-01,-6.515203035353699379e-01,-4.076441790843611246e-01,-2.979855594770511873e-01,-2.018917316646547944e-01,-6.770254591454971660e-04,-3.862669247300676290e-02,-2.625454222010064620e-01,-4.753097575807427311e-01,-5.619422394401437648e-01,-6.081913457397567502e-01,-6.924966798768151799e-01,-5.312072048653659895e-01,-4.328170076842726699e-01,-4.300942402079974691e-01,-5.666530822876150175e-01,-7.244933329174758629e-01,-8.905433866351775141e-01,-9.550022080511271216e-01,-1.224922672836013415e+00,-1.458983851636807882e+00,-1.515277732726794113e+00,-1.266192868576045516e+00,-1.050789880166058676e+00,-9.239355954771122370e-01,-7.715978425236276195e-01,-6.993028604540162396e-01,-6.287221556625246510e-01,-5.577610872967968536e-01,-3.686354129454879613e-01,-1.891139837587371419e-01,-7.794975528810463294e-02,3.942673554073455877e-02,2.746052498697440503e-02,6.593101621334220008e-02
9.777122843282060050e-02,1.089546952846692784e-01,-4.478876378146745552e-02,-2.480947010687144516e-01,-4.144347016548733942e-01,-4.964706454185094375e-01,-4.647331829774198342e-01,-3.075084583110977432e-01,-1.628747888167119962e-01,-1.412998886848836344e-01,-1.191605187747941108e-01,-1.753229800259163973e-01,-3.709349913893303929e-01,-5.967903365067001031e-01,-5.571730332265744101e-01,-2.732940007441246322e-01,-4.694053791678672732e-02,-6.796184019654921693e-02,-2.202631455921099379e-01,1.431520873815088357e-02,1.372763651861428069e-01,6.900518901302173103e-02,5.711556251304816811e-03,6.808258489019142212e-03,-6.374382448873075480e-03,-8.340538709941186513e-02,-1.591454751180989002e-01,-4.413612705655020618e-01,-8.045793805991725556e-01,-1.367812939758293656e+00,-1.556471995609123082e+00,-1.237436731709650628e+00,-8.238237781593766851e-01,-5.940034603161763460e-01,-1.978889075148848598e-01,2.513412856639719584e-01,-3.808916584777177761e-02,-4.758458178913792525e-01,-5.534004010497778347e-01,-6.529812109440028545e-01,-6.712480827961107011e-01,-4.763253590995928377e-01,-3.760694170113709212e-01,-3.566582329510420424e-01,-2.583084507914970018e-01,-3.096045949106815964e-01,-5.394487458006651526e-01,-1.017816621400955857e+00,-1.723089978663060684e+00,-2.366221850024277540e+00,-2.657160233763400381e+00,-2.230021884449692404e+00,-1.674282313321587612e+00,-1.261734944596599961e+00,-1.042623259125591062e+00,-9.645821055940659861e-01,-7.045826906191270389e-01,-5.845191026268186096e-01,-6.684869652679292784e-01,-6.595306049638284263e-01,-6.108103538974826163e-01,-3.674620590538520415e-01,3.805254679142999752e-03,1.325429404779533415e-01,9.777122843282060050e-02
-8.402226469967510880e-02,-8.043144083755149332e-02,-1.200874946993140124e-01,-3.599419468727705906e-01,-7.124841832807253805e-01,-8.182378331207560418e-01,-7.675585167398524256e-01,-7.081010301190326928e-01,-3.994971243729067423e-01,-3.457382912881158399e-01,-4.202494830863076625e-01,-5.329793950660524082e-01,-7.324611648618954973e-01,-8.693078870621215870e-01,-7.307146157554715860e-01,-4.799607109937308325e-01,-4.732085983943025709e-01,-6.507994152522259546e-01,-6.768503100668517014e-01,-4.616520163091721862e-01,-3.330645726426535447e-01,-1.479037163722320136e-01,-1.135796423167561436e-01,-1.719587350212481436e-01,-1.354497002062673428e-01,-2.065498204198482624e-01,-3.487871876789158665e-01,-6.279198161302074199e-01,-8.947868853511946607e-01,-1.091136251423281855e+00,-1.300426337169566127e+00,-1.227934154784910969e+00,-1.118790705978998767e+00,-1.341270752270435462e+00,-1.581138898382387303e+00,-1.460028654220487665e+00,-1.094844946361974714e+00,-9.668554115240245439e-01,-9.105832092210570661e-01,-7.638644808775156836e-01,-5.997497509162253992e-01,-6.130933012519157455e-01,-5.139988718984620508e-01,-2.904747339714790488e-01,-1.561776810671100524e-01,-1.200713160942858126e-02,-1.034085775682634933e-01,-5.388784713868104426e-01,-1.354181091355949107e+00,-1.954184031885748851e+00,-1.888958670686156527e+00,-1.606080042150168641e+00,-1.407931319673656922e+00,-1.239544015104646846e+00,-9.852335464372851126e-01,-9.572259901706303697e-01,-8.421441976057351120e-01,-4.999938780187113685e-01,-6.427634777595508941e-01,-8.050347403262353430e-01,-8.660536132638945173e-01,-7.652587053738346690e-01,-4.209094860895061796e-01,-1.617758232188959422e-01,-8.402226469967510880e-02
7.821235995378308936e-02,1.406359976326346795e-01,2.007929021664511815e-02,-3.421860304519623863e-01,-9.307453907071163712e-01,-1.171160854917943084e+00,-7.737989782200594968e-01,-6.058813467888621851e-01,-6.228791293527788930e-01,-6.263836379239199337e-01,-6.479866183936879853e-01,-6.890379368058547893e-01,-7.612321366149329416e-01,-7.384591443206400818e-01,-6.966933052257704428e-01,-7.596671432371917554e-01,-8.781188488929871916e-01,-9.193920467761343973e-01,-8.091514943326267861e-01,-6.456304720956642651e-01,-3.989506604334880357e-01,-2.129558222988234550e-01,-1.856324515947740394e-01,-2.671505035200884559e-01,-3.132663074062653208e-01,-3.493207962298932046e-01,-4.860176570410182917e-01,-6.977077462706470223e-01,-9.409208307845086106e-01,-1.089010032953601437e+00,-1.179683961694140581e+00,-1.234820059562192984e+00,-1.219275949691789762e+00,-1.355111927331675847e+00,-1.821495073694582523e+00,-2.038762620266419745e+00,-1.697911880297548803e+00,-1.119751328959987857e+00,-8.201510546635444321e-01,-5.281722921988353248e-01,-5.148920752050878402e-01,-4.441556173963976395e-01,-2.954958983264213690e-01,-6.446642806131666625e-02,7.670242283224687485e-02,1.876569686122565583e-01,3.302899267329313382e-01,3.006378774249133801e-01,4.797869734230267302e-02,-3.696515111352444150e-02,-5.887049158452270503e-02,-1.360275192850332049e-01,-2.787810674516703058e-01,-6.464598911735365272e-01,-8.477716709439796494e-01,-7.737835149604781471e-01,-9.904196589047573607e-01,-9.441968398356814784e-01,-6.940928857490826775e-01,-7.602010762740415428e-01,-7.691985092874327190e-01,-6.839571457643826013e-01,-4.002892815139703631e-01,-1.167681371225941511e-01,7.821235995378308936e-02
4.792229468424272221e-02,2.273785384595235215e-01,2.698506113797521921e-01,2.640778200783565621e-01,1.571075679410557369e-01,-1.279210834198815094e-01,-2.651796042211941318e-01,-3.751685024275512870e-01,-7.166132482016125405e-01,-7.739228397971688045e-01,-8.755303760644996824e-01,-8.391937564666749338e-01,-7.302246555812339501e-01,-7.375011569246742171e-01,-8.576180656044092299e-01,-9.518474216162104984e-01,-9.847677620407823129e-01,-1.008796859228986875e+00,-9.689026759581800263e-01,-7.846405402225614667e-01,-5.843863738500310046e-01,-3.591574679541762460e-01,-2.300102846763931730e-01,-3.086003031745931935e-01,-3.824159844810317566e-01,-4.124071337577479568e-01,-5.546071641371994598e-01,-7.245977952965287905e-01,-9.664118424353091985e-01,-1.189590113640171198e+00,-1.320704555541971192e+00,-1.277090617348360047e+00,-1.170421257187853170e+00,-8.246270321581554708e-01,-5.675759207737194334e-01,-7.382774603444683947e-01,-6.677557328913060752e-01,-4.243340077911673114e-01,-2.339772627289411211e-01,-2.172051936177429865e-01,2.229348570736261470e-02,3.310991870753400290e-01,4.702164890912480799e-01,4.761601300529844094e-01,5.073033957399892824e-01,4.722435543131434099e-01,5.345709874639678061e-01,8.323055077712397942e-01,1.137579198845870110e+00,1.413565430943193757e+00,1.588851237247811188e+00,1.306864117278217385e+00,6.611107930103432562e-01,1.229273782103604551e-01,-4.061886520127919176e-01,-6.198328359983380498e-01,-6.917836316131715790e-01,-1.022772997810843520e+00,-9.546435809635562819e-01,-9.196414692282406378e-01,-9.426459742034065670e-01,-8.308508685756050838e-01,-5.761417335172854814e-01,-2.558907081216635349e-01,4.792229468424272221e-02
-7.523662937071190493e-02,1.241303257635611168e-01,3.496060168597898699e-01,7.723142410784638034e-01,1.353152751445154678e+00,1.427975256706736751e+00,7.368285024885770085e-01,8.541497088135685534e-02,-5.163609314754461499e-01,-8.634582537998898299e-01,-9.168029400912707239e-01,-9.744062565844582302e-01,-8.837117042684468071e-01,-7.308309173226265054e-01,-7.476961229818201993e-01,-8.033435867354721260e-01,-9.064425261865758365e-01,-1.090662830739995037e+00,-1.216959713451001068e+00,-1.093762382816906520e+00,-8.262731432971832657e-01,-5.756570092392989668e-01,-3.655711730243593749e-01,-3.964220934830399168e-01,-4.715473067627884429e-01,-4.976082829347808767e-01,-5.982043517010241507e-01,-7.330749616223801723e-01,-9.149170404971396220e-01,-1.064373829540628646e+00,-1.092764892975793600e+00,-1.194269546772934065e+00,-1.205025721944971595e+00,-1.094984476908481774e+00,-7.973486520125064869e-01,-5.067316346505159608e-01,-2.006077722539179320e-01,1.326572315263324919e-01,5.104052445751570133e-01,7.632697179146903377e-01,8.860771098906246035e-01,8.894071074882711203e-01,8.166563197240420680e-01,6.325577834763019824e-01,7.206802949259278890e-01,8.302329443102438589e-01,6.554219281380017081e-01,7.629771984357052172e-01,1.184230004514901458e+00,1.662112691807267284e+00,1.854978035306093620e+00,1.564374532042248855e+00,1.164448972461975984e+00,6.466521018730286841e-01,1.318373100238395823e-01,-3.171329619122938981e-01,-3.980403174871129934e-01,-5.108921896859663914e-01,-8.329182548908684591e-01,-9.059583857608798363e-01,-9.645259613993152348e-01,-8.179662257667793535e-01,-5.940589319082011377e-01,-2.699040940349897166e-01,-7.523662937071190493e-02
