1.537090630946219560e-01,6.249968289105867214e-02,-1.591911412791833791e-01,9.668748563805432128e-02,1.951399036395729536e-01,1.302979114226401336e-01,-9.716715079053606097e-02,-2.138313892296161978e-02,-4.876890621358243028e-02,3.233192038691410364e-01,3.589673430111273156e-01,1.465582498528328337e-01,4.928531854038536442e-01,1.312708020316098456e-01,6.277686623593181636e-02,5.081866445180946990e-01,7.474050572865571507e-01,6.300439866989260285e-01,3.870040998890079686e-01,-8.846890382735728142e-04,4.580788943914054084e-02,2.632528712458970244e-02,-3.591391661493525955e-02,1.793824736847239310e-01,2.723082163884139040e-01,1.862789610113544381e-01,5.411329445289436713e-02,3.279105236355946973e-01,9.741497328394943533e-01,1.205831553897324326e+00,6.565268987954823166e-01,5.758531479704614986e-02,-4.861125478237668385e-02,-3.593064386932293131e-02,1.811803086585149491e-01,8.301391200046498442e-02,3.308023057810236534e-01,5.758126312006588421e-01,6.055598054476356573e-01,7.888240442965341881e-01,5.917946771523823202e-01,2.865190837978243144e-02,7.010272074403657294e-01,3.163702729599108254e-01,-1.114999650164133216e-01,-1.591012002038595663e-02,1.216089594385478811e-01,2.747893553054597815e-01,1.730818527807857776e-01,1.648185362124084286e+00,2.957786337547896771e+00,2.390657355204140799e+00,2.540602436678655041e-01,6.233424181818706389e-01,8.334885640883107349e-01,-1.434449345280490729e-01,1.541141933112155638e-02,4.195027231550252367e-02,7.070905291617792798e-01,2.486376627894970603e-01,-3.032984772413956365e-01,-2.313365604486770088e-01,1.188872234561245411e-01,8.386623242847567744e-03,1.537090630946219560e-01
8.863608498057442553e-01,2.584999543636079533e+00,2.119171175084505698e+00,4.464868478111266858e-01,2.543337695870098725e-01,8.179136411345981905e-01,3.227391148270211119e-01,-1.181790285358674808e-02,3.126657073370704421e-01,2.221469659799519547e-01,-5.617749689580109340e-02,2.235344329001922592e-01,-2.351376305193267902e-01,-1.876476369010028344e-01,4.343929370626602449e-01,1.754107742602187381e+00,2.397717367637991259e+00,1.764581886889244222e+00,4.356427212921633041e-01,4.337547080654177711e-02,-7.828267077712114386e-03,3.685777492381080434e-01,3.046342333653508927e-01,1.070906749160622506e-01,1.598877072733532467e-01,9.924033747473784417e-02,4.099777293660349931e-01,1.091604220416157123e+00,1.112758211297139921e+00,9.248964347650105999e-01,4.648909473068245646e-01,1.708251225602223089e-01,3.985652851956036358e-01,1.278827426095898945e+00,7.977916756900206297e-01,2.481671508631516643e-03,1.100340341039920400e-01,9.019781244418548227e-02,-2.033530199594373866e-01,1.463067337475066343e-01,3.791710117126233515e-01,1.253418986472472629e-01,8.312682939491740086e-01,3.466694746150557616e-01,2.880270426488538149e-01,4.212133941509086932e-01,1.055002267675807792e-01,-2.749414722176583004e-01,3.232777442921361266e-01,1.515209460354949966e+00,1.134883413752618253e+00,2.697068171011715587e-01,4.166020675258993999e-03,1.027780523926265649e-01,7.413047935887282502e-01,2.789470289429256677e-01,3.048178994298935685e-01,9.135856941225637406e-01,8.612279113979648404e-01,3.638757031221491189e-01,2.064113812740767662e-01,2.631293119285484927e-01,7.597542376891587568e-02,1.102384000752920368e-01,8.863608498057442553e-01
4.536239961108479157e-01,1.534578038283059165e+00,1.276179219793158515e+00,1.113240074561755444e-01,1.447841377229389104e-01,1.082971424765449553e-01,7.532616663643032506e-02,-5.345134422731662172e-02,-3.139931835965253937e-03,2.176282588108823246e-01,1.071302110816333419e-01,9.055926127000053505e-01,1.616322519742827701e+00,3.498000251713846986e-01,2.839271541505145047e-01,9.262021781990035230e-01,1.047355682795092502e+00,3.999485496552169783e-01,1.671065842812003988e-01,3.654048208366582340e-02,2.952396163114098804e-02,3.745863288684618819e-01,8.719107735461659736e-01,3.661927652149626899e-01,2.027428069308453706e-01,7.065644678030794101e-02,6.777392632329445887e-02,1.525467416407921828e-01,-1.724922658159661060e-01,-2.448762547813464474e-01,2.908826534367919825e-02,1.030383135089046470e-01,4.873102713675155351e-01,1.093027733165197857e+00,3.997244390561139338e-01,-6.158412394680623514e-03,3.923119810163955834e-01,4.050234750216159529e-01,2.805347957538280035e-01,2.078686368333599044e-01,1.465446932363623223e-01,2.992504576041321585e-02,3.080372569983766962e-01,3.950611052061446804e-01,3.128209976722262087e-01,1.839688371564797420e-01,3.642297855929043093e-01,1.337329963237636310e+00,1.867623071700732218e-01,2.338709208333312473e-01,1.654617047267473939e+00,2.043106226806615133e+00,2.433836763211918441e-01,2.870227962035326041e-01,1.502196293103386648e-01,-6.677402402228205247e-02,2.812081994848798505e-01,2.424510427649377853e+00,3.027029290456472399e+00,1.037273488994480797e+00,-1.336789034301243406e-01,-8.029347130496189422e-03,1.873439920223700372e-02,4.012441126669120672e-01,4.536239961108479157e-01
6.127159707341417461e-01,2.191819022693125008e-01,4.364033391207759460e-01,3.505791988367206180e-01,-3.691200382922993350e-02,1.257171880181384704e-02,8.232644111955261801e-02,3.213134548383846101e-02,2.213425070540741557e-01,9.874687461377695818e-02,-1.073490084966700620e-01,9.949666005280333181e-02,3.744840693644264640e-01,1.151656121603176208e-01,2.614864657573290341e-02,5.623696650726858204e-01,2.283368814705874217e-01,4.888285428811200983e-02,7.124567716835134012e-02,3.775959651105162962e-01,6.330544381295898082e-02,3.691058852319156758e-01,7.450554145361236724e-01,6.631011483618476365e-02,-1.811692591572275912e-01,1.296382717202789470e-01,9.222212352570759164e-02,1.353539752256606166e-01,4.245835771868786690e-01,2.549014753451204207e-01,5.764565077345945587e-02,1.614136103857867210e-01,2.037673478083039669e-01,-1.076918596984638293e-01,-9.142000729743748888e-02,1.118714591662882674e-01,1.253126886656874550e-01,2.610609046328719596e-01,2.993418859657809294e-01,1.240144308170018750e+00,7.686516696430889528e-01,9.749647279390316612e-02,7.319779101052479309e-01,1.532355472297630972e-01,2.665452369853903436e-01,1.717417560932183451e-01,2.449814832075698501e-01,5.633675496034505903e-01,1.736818494051158845e-01,6.481011529124671711e-01,3.035411992216714872e+00,2.883612910452836076e+00,2.565245600668888404e-01,2.410698182168792281e-01,3.731120771299361594e-01,2.205850507647801328e-01,2.096225578504798959e-01,4.799961746517769079e-01,9.053747336500135301e-01,1.694539197614640669e-01,2.055517856212842887e-01,2.947982109489902247e-01,1.539209617365912275e-01,9.067910703504161729e-01,6.127159707341417461e-01
2.821953538940386030e-02,6.907984015923924748e-01,8.603572615493102482e-01,2.117765647322003286e-01,3.133194549700873410e-01,1.787585273264321317e-01,1.285624560111205683e-01,1.184792750940750761e-01,-8.447041073685435109e-02,1.765058418020366560e-01,2.120881262331959505e-01,7.770221855803519651e-01,1.173541956787039542e+00,9.176634917733428320e-01,6.370276998933519508e-01,1.276703380907417085e+00,1.171915456806525313e+00,6.101739806312691528e-01,1.458879956693298618e-01,-5.733028188824929039e-02,3.329080796460354152e-01,9.578254281357557742e-01,2.183408122743238700e+00,1.838065265105408130e+00,3.202481674546394097e-01,1.003806396565286169e-01,-3.901007522104010805e-02,8.092365025837849890e-02,2.845853125808994744e-02,-1.458302843087819767e-01,3.279970225946038376e-02,1.588609555962494646e-02,5.170714977220604025e-01,2.315513073086998830e-01,5.327112147509480700e-01,4.951608535137429490e-01,1.879268044221804601e-02,5.707507058965458624e-01,1.851721204567860490e-01,5.877357603428052801e-01,8.587618596868207277e-01,4.656913547206398274e-02,-1.100166439193495105e-02,6.469821124737609175e-01,2.027786021041168230e+00,6.221952657038463119e-01,6.421418263601046394e-01,2.146179111964665154e+00,5.736696905493136045e-01,-1.164155939800234907e-01,-1.578275000687330842e-01,3.227581815464820036e-01,6.281364830988178660e-02,3.440684586769160447e-03,-1.528234340336095398e-01,2.314927607305224816e-02,1.109188843861693474e+00,1.531470278062442958e+00,6.591497517271716067e-01,5.563329297780649635e-04,4.447622165293520224e-02,6.626055059690386106e-02,2.203579220554688356e-01,2.794404484923875831e-01,2.821953538940386030e-02
7.228839588908575475e-02,-1.688995377899188133e-01,-4.812954557826176760e-02,-2.813584623083764669e-02,8.115613231413196793e-01,5.809210516988194684e-01,-5.280489682415720476e-03,2.265975968163532195e-01,3.506894078070852405e-01,5.333578807574818059e-01,-1.196998871882798410e-02,1.978050236028572884e-01,1.173303848752194067e+00,1.342439541184815788e+00,5.046791568708146603e-01,2.800112839117152586e-01,1.605007270227879479e+00,1.436392512345042949e+00,1.068030435603048722e-01,4.261866085491175515e-02,5.169616042017387975e-02,1.447991279595034209e-01,3.435383944691453584e-01,8.397985679401733794e-01,4.861169807575627111e-02,-1.112737174794564410e-01,4.875284211304631299e-02,3.230952295066331637e-01,6.356338671091998904e-01,3.518167265638241781e-01,5.436438383849598321e-02,2.016101486686198985e-01,9.002052537640548024e-02,-5.093994861276675279e-02,-1.652342951715679575e-03,1.191288616054797522e-01,-1.949943161476586084e-02,8.126403809243076815e-01,4.698842721817506063e-01,-2.081139802496292379e-01,4.114257519904751526e-02,1.405541762152917595e-02,2.662710841248118743e-01,3.574055878698397803e-01,9.602240757984562558e-01,3.968465855569147105e-01,2.932889781570277576e-01,5.964274011285317645e-01,1.099575614252198685e-01,2.766804068120313209e-01,7.311545377096844156e-01,1.152412751357858034e-01,3.324102382470611738e-01,6.463922814624412094e-01,1.035145051157267959e-01,2.982022344227577837e-01,3.194370290020148162e-01,5.439453370685989331e-01,4.586452081303748485e-01,4.472896039298529525e-02,1.018939644435350872e-01,4.689076862546031482e-03,4.844948851538799506e-03,9.383439963287626417e-02,7.228839588908575475e-02
6.855790263821086306e-02,1.102661762899322662e-01,1.249436114428243982e-01,6.100857382895052972e-02,8.421533301053807374e-02,1.312519664325727531e-01,2.262009168745991727e-01,2.760831960930616447e-01,1.727729949760652417e-01,2.646435914451725768e-01,5.388121040608397916e-01,6.114166531798884696e-01,5.346348376768631505e-01,1.634189374001401018e-01,9.391163964560217403e-03,1.088268171469384260e-01,5.116995146435696640e-01,3.809573774924448486e-01,-2.435437890130168204e-02,3.587876714083302887e-01,5.164483550049379090e-01,8.969189753332035275e-01,1.446696170014385885e+00,6.944693977248073136e-02,4.980164429307325502e-01,4.905633693313642407e-01,-4.132034971536197032e-02,-3.474538911902302907e-02,1.024090108153786205e-01,9.322982740347220965e-01,2.577453929974128366e-01,5.318535490657158582e-02,1.650635089691273039e-01,9.691780819066711516e-02,8.490855839285706974e-01,6.521521686670865847e-01,7.289431838307480760e-01,3.468484136508992455e-01,1.260022429456691961e-01,1.955419847981906545e-01,3.569984999843552331e-01,1.549529581625508357e-02,-1.140531644598525851e-01,9.578546059719303396e-02,7.518408040092311451e-02,-9.170234550165870524e-02,2.050535259701839474e-01,7.143287863723237763e-01,4.292706305872759365e-01,7.336314771057483863e-02,2.455952158354540726e-01,2.336260117672991354e-01,6.658266787158346744e-01,4.303517342572580340e-01,-1.716738823374583944e-01,1.479676074343152514e-01,6.884627662149839233e-01,5.909797319707317254e-01,-7.164264898318489783e-02,3.122190202244813362e-01,2.026690817384380061e-01,4.401267772698250202e-02,3.458789152962625790e-01,2.610636124762589216e-01,6.855790263821086306e-02
1.619338065144549504e-02,3.208407917813074772e-02,1.258137521217740362e-01,2.690544520071325163e-02,7.413731426376964917e-01,1.096923090402644796e+00,1.616952996873341764e-01,1.883019347320041836e-01,6.102336236411576298e-02,1.466287730846769222e+00,2.003115298425995672e+00,9.578676808651500618e-01,8.663906713456033248e-01,7.690065252991461486e-01,7.407506070349290095e-02,3.652213581288829558e-02,4.816712674824670803e-01,6.409017482619595585e-01,4.051142557981525505e-02,3.463918572824879472e-01,1.060005985767494385e+00,7.507132655389605613e-01,1.348102645757416340e+00,5.576433050329530072e-01,3.472262693021814783e-01,3.126812964898472158e-01,3.303098444224086827e-02,6.879582232085386106e-01,3.272392673389536433e-01,3.485807801350850887e-01,3.723895380854459480e-01,9.415504195448085034e-02,1.360544102862579763e-01,4.284775938685872476e-01,1.688263076802405838e+00,2.610339296381368079e+00,1.166144441973627988e+00,5.302170967555930314e-02,9.814059562414127746e-02,-1.961189138810913168e-01,-1.076477863939621082e-01,4.241721959647845042e-01,7.453348717938229617e-01,1.284807217226101306e-01,1.113377953596494940e+00,5.512981626973048055e-01,3.204916108426972832e-01,1.141421706526705382e+00,1.808457102853444631e-01,1.746569095326924725e-01,1.078438685798485785e+00,8.316211948469692805e-01,6.499743090235521326e-02,-8.367984515016635427e-03,5.039722995951912976e-01,3.700805689027812928e-01,9.053338340847791876e-01,9.615498227606638082e-01,3.759536246536372417e-01,2.055747418969252616e-01,5.182396774677909546e-02,1.779742300087873985e-01,8.847841450366226157e-01,9.462679935459989977e-01,1.619338065144549504e-02
1.911118816293146810e-02,2.204837719792992479e-01,3.309549740874478951e-01,7.381701166824317095e-02,7.753061035214161567e-01,2.845193073119672844e-01,1.032561942623290152e-01,2.588594739743202422e-02,-1.567511918858212339e-02,4.103542742229419615e-01,3.850660905179921767e-01,-5.312461728721212806e-02,-3.295526952438865287e-02,-6.546634894121328152e-03,6.904504072323555675e-02,-1.064937188199679419e-01,3.642370365037759239e-01,2.966295340779244727e-01,3.468265872285509754e-01,6.275147240587037878e-01,9.711693478036670379e-02,1.071361242272647618e-02,2.257516690958522310e-01,3.164441529949133969e+00,4.682611068553779177e+00,1.882596272717108166e+00,-3.513787125661094191e-02,7.721807049753475205e-01,1.725235386824867767e+00,5.021063929417921567e-01,-1.539785898795781316e-01,-5.966885637558294597e-02,1.066820676007353974e-01,8.365376719857581245e-02,4.735876909296092840e-01,1.025480162734229594e+00,2.596352824761191669e-01,4.586345026222452548e-01,4.668821894077648804e-02,6.129967901410130482e-01,7.495197660273846818e-01,1.185001044271615234e-01,8.408389655572245935e-01,3.476388471797464685e-02,1.634188101936357995e-01,1.748723295210719564e-01,-1.515380859249161327e-01,-9.331039840192151269e-02,4.644242788443466163e-01,2.262042906347197402e+00,3.691029182652928231e+00,2.501682092373580080e+00,5.779799323774184039e-01,1.477083426288385848e-01,3.622171516641705113e-01,5.366889536132646299e-02,3.239583954989559977e-01,2.826216581667878591e-02,1.285132173149276802e-01,4.660559107621399799e-01,1.642530774766746415e-01,2.092853613671161739e-01,9.859737252165025334e-02,2.201175538476942140e-01,1.911118816293146810e-02
1.379510186223510682e-01,2.700427410565217623e-02,1.068934339031505365e-01,6.123351275875037469e-01,1.078384199013336930e-01,3.746875159171351166e-01,5.373442651011993698e-01,3.001619975731720791e-01,6.738758994817013737e-02,3.470305287184713983e-01,1.281293891312313526e+00,1.819093520635383987e+00,1.040348647467452592e+00,-1.730530609979408219e-03,1.604249779748571081e-01,3.197645955144599039e-01,4.300449063599759425e-02,-9.864566835096490183e-03,8.972536134195814306e-01,1.483119919058877301e+00,5.667694865048953368e-01,2.628840665803422461e-02,1.732723639651820857e-01,5.923116394571710241e-01,1.342687985018359065e+00,7.255363891550543620e-01,1.064119604884146975e-01,5.516062277838316152e-01,2.878278477241762445e+00,2.807451250173832680e+00,6.107388741454670145e-01,1.272984043315195102e-01,6.832278239887178140e-02,1.533794473781303069e-01,4.971839208093080664e-01,1.610527968406527677e+00,1.888752648227680409e+00,2.198897602010127628e+00,6.592931683519730468e-01,2.147391391776775071e-01,1.169518590227215160e+00,2.755323436547325588e-01,1.018111010683036000e-01,4.345807102035326164e-01,3.990196810275191686e-01,4.351228999043106893e-01,3.564988304709855726e-01,1.782499391344930240e-01,2.492123491129062951e-01,7.511438176510911724e-01,7.083924306442499486e-01,3.324743346109408915e-01,-2.799131255330601642e-02,9.547313630080309088e-02,5.116499611965842353e-01,6.529625750196458300e-01,6.578337437831685008e-01,1.299583609201721446e+00,7.335338903487766959e-01,2.587352024976438125e-01,1.735123277622973581e-01,1.542124424007003392e-01,5.973272091839688241e-02,-2.855644892869128176e-02,1.379510186223510682e-01
6.807948591883845602e-01,9.043629865962471426e-02,4.464765248808246767e-01,9.997454775501063429e-02,3.871222886164781829e-01,2.701107378548068261e-01,1.715179986108490151e-01,1.470281589154752155e-01,-1.727258016995930623e-02,2.760134867644772894e-01,1.131088589697106350e+00,1.282653425845700967e+00,2.612395062968421167e-01,1.003980340789779324e-01,1.963685898743884883e-01,3.709581475630029379e-01,5.377740075583729018e-01,2.982904416490025912e-01,4.398253760233394871e-03,8.122323117841485640e-01,2.362059661691533752e-01,3.883079496839398903e-01,2.476301932397187433e-01,1.356521882111718647e+00,1.748704885406888510e+00,4.537270709846239480e-01,4.106073105385910083e-03,8.485787936588115588e-02,1.242472360192703018e+00,1.288476092813724661e+00,2.189362822814755472e-02,-2.108801852770337271e-01,-2.370432700444388696e-03,5.760131958495199322e-01,1.815893029525522007e+00,1.659027703067748716e+00,1.242369968388489454e+00,1.495118194204151374e+00,4.304595437185186335e-01,1.001221217227431792e-01,1.786872118325509295e-01,4.995529148941810771e-01,1.367851287644241687e-01,1.972006297348439241e-01,5.066313935646020727e-01,3.919206921715775449e-01,1.966485711243826096e-02,-1.747608681571083122e-01,1.581789327125515676e-02,5.925484935839797629e-01,1.850574044376158245e+00,1.867033880111431232e+00,9.442599291497495440e-01,2.105993808529498523e-01,1.722647102340402470e-01,7.114330771733914371e-01,7.831158263493228633e-01,2.541215109544022743e-01,1.258547682230942044e+00,1.397324392228082690e+00,5.637165265204064912e-01,1.420777783457418397e-01,3.016369010720310051e-02,7.387696589578949258e-01,6.807948591883845602e-01
5.394065431029464175e-02,-1.727120003036558202e-02,2.395854151143999855e-01,1.662740044205967882e+00,7.740631678510110358e-01,-6.744558232282757415e-02,4.049831940447993217e-01,3.752317629879936556e-01,5.067825514866494130e-01,1.866457237452740781e-01,2.182914258380089234e-02,4.172579564420055287e-01,8.997311411840654971e-01,2.041353152326611520e-01,-9.848574871195936442e-02,1.463661352557874828e-01,2.795529874667936898e-01,2.350774944825681223e-01,3.479715909087636727e-01,7.066193113463451470e-01,6.180568222278994828e-01,9.944068664048213990e-02,4.721032655966564962e-01,1.466086889505175295e+00,1.595344599909602978e+00,4.437664850530184668e-01,7.367255784099907556e-02,2.012833520059924622e-02,1.338011887446168280e-01,6.831340215211574307e-01,9.179592605540765060e-01,1.056189396558810056e+00,1.513339684140386221e-01,1.929278854190678572e-01,5.417330744697186340e-01,2.935719720678446887e-01,-7.062923452259725621e-02,-6.787181562973473858e-02,-5.059281669598436615e-02,3.208913207207597651e-02,2.242024083890657021e-02,2.735612719641350998e-01,3.868646905648983059e-01,1.350068980987127742e-01,5.633979260398810363e-01,1.222173059861088040e-01,5.247361899701834531e-01,7.611526429365690349e-01,5.273714905881243808e-03,9.985598600906219202e-01,2.423450401843093793e+00,2.146530980149804257e+00,8.912721565171735083e-01,5.019682370244190617e-01,9.047194938726497160e-01,5.233780644552757932e-01,3.652883161352961094e-01,1.529477772474297226e-01,-8.439138666384210508e-03,4.932704507696770713e-01,1.381513207133955312e-01,1.307899414481680234e-01,1.678326178717369499e-02,3.646556305332768200e-01,5.394065431029464175e-02
1.756107315907810829e-01,8.362436250213253763e-02,1.105976951293730526e+00,1.466110678595927030e+00,2.712709552659882117e-01,8.618017824580584407e-02,-9.185743179517183443e-02,-4.450172588857199268e-02,8.293901236895044604e-02,1.157861627358185708e-01,1.299954612415079036e-01,7.830526451348509553e-01,3.522279827504752880e-01,-4.514451156067601778e-02,1.474711914177387895e-01,7.896355636633689556e-02,8.070851110977061982e-01,1.193440551265130267e+00,4.618218991043450128e-01,5.641417456269504083e-02,4.785346533239837052e-02,6.506229169299729276e-02,2.370524021652672952e-01,1.529330865259846406e-01,-1.431118547196367774e-01,-1.103743542332790151e-01,-1.440479282305284769e-03,-5.407884014536628453e-02,7.333761516934206304e-01,1.208568088918245742e+00,1.192279710332873943e+00,2.280224008558306537e+00,4.469166701706238642e-01,7.340138227153453210e-01,1.754394148578731549e+00,7.092464534703161183e-01,7.356749688330748160e-01,1.043637748129242482e+00,2.875454210934151877e-01,1.224078871789193723e-01,2.347188121045965525e-01,8.644754388087677599e-03,2.688801454641656652e-01,-5.638602084018226601e-02,-6.318333485749022538e-02,-2.943812214016773288e-01,8.026541283838162233e-01,1.597669686501031805e+00,1.673455062454524689e-01,2.154242278066484384e-02,-9.447383824222407855e-02,-8.891302130446473995e-02,2.602742751504501934e-02,1.489373195735534394e-01,2.610243984466803502e-01,8.079518420227135289e-01,2.133209293642984727e-01,2.807592557184379611e-04,2.158244970397660834e-01,2.968109872809099881e-01,3.201013278732424139e-01,1.109210650885409377e-01,2.600195083749623493e-02,7.282219289043473376e-02,1.756107315907810829e-01
4.829454764664831146e-02,2.224754643365181028e-01,-8.802878678110603872e-02,-6.408935803834861500e-02,1.310964605907390945e-01,-2.108235037133295020e-02,1.143723633806659479e-01,1.734689206710767484e-01,1.730635945975434742e-01,5.872692328333165013e-04,6.399151247995227276e-02,-2.066225142429725659e-02,-2.797864250224475768e-02,1.399335907517137989e-01,-8.185899605562280135e-02,-2.161150863257893517e-02,1.342482494926147130e-01,2.013912031999389729e-01,-3.720727249514921287e-02,2.859956970618977579e-01,3.180339054200319593e-01,1.592154315991047009e-01,5.820565039369758331e-01,1.177939775298706859e+00,8.678044562891513714e-01,3.205716729496099759e-01,2.413841776752556623e-02,5.249191302165383544e-01,1.191911162027387838e-01,4.814223413765447712e-02,2.577387767670087371e-01,1.609926125693547094e-01,2.842949311269809543e-01,1.343478596085193599e-01,1.078317660868312933e+00,6.500970662533004374e-01,1.622345647475937347e-01,2.118915517593360498e-01,-4.898277205957972391e-02,1.352324845592400571e-01,6.553733601106728202e-01,6.488484565693555250e-01,-7.634758697150789697e-02,7.623006534563385728e-01,1.868115575143811879e+00,1.075368817399950716e+00,2.476354591274285144e-01,3.146690418045604010e-01,1.889010888182311998e-01,5.811446766670933517e-01,4.393131915121083475e-01,1.234326714414905046e-01,3.985316415706237070e-01,6.328424982650484587e-01,4.642268895043267785e-01,1.039415950169118030e-01,9.841827640504249852e-02,9.020908079862288709e-02,1.751878615337311151e-01,1.611437986163186398e-01,4.784336291242172745e-01,3.333663300533169505e-01,-2.270606720871148898e-02,1.738163586400341964e-01,4.829454764664831146e-02
6.126102834418628573e-01,1.570573061073598231e-01,3.889802680005116642e-01,8.439747215493564880e-01,2.374750895418215879e-01,3.946722750119933953e-02,-8.121473276925145202e-02,-3.492494896117712133e-02,1.742966789920268600e-01,3.358283188038584388e-01,1.581653088381196337e-01,4.314733261179112822e-02,2.850218103417184734e-01,1.563311859604381571e-01,1.730912016773648587e-01,6.100210311958043086e-02,2.315680905984335014e-01,3.118505189487965068e-01,2.336204225374861054e-01,4.016463584789117247e-01,1.217258778967855448e-01,3.306986355483887419e-01,5.924986623047758805e-01,2.258205927186163753e-01,5.026827190205492013e-02,-3.447821697439182320e-02,-9.614455455973108799e-02,3.388718366184769737e-01,4.295408592970354489e-01,4.131041289847578457e-01,1.206497645851559275e+00,1.405554705278117211e+00,7.178974754122087187e-01,3.893871627301669774e-02,-2.051747408634562730e-01,-1.458378875405289543e-01,2.850267809947264475e-01,2.523523268374935347e-01,1.138168052387847629e-01,8.053754292948239746e-02,1.162144157231166514e-01,2.556244386962744919e-01,4.577524124093440006e-01,1.336536128724689299e+00,1.295164364066171636e+00,3.206179304000298380e-01,3.907406869229579915e-01,9.350351363250770653e-01,7.820966179214544622e-03,1.471520024393019321e-02,3.007458068119384098e-02,4.223130720989755060e-01,4.872195154077227919e-01,1.715558476436085389e-01,2.450570865793082753e-01,2.663569484306507196e-01,-8.019034654687537400e-02,1.293687110834994269e-01,2.153987930241527127e-01,3.643695269511101342e-01,4.123035890361761435e-01,3.518275593899727882e-02,2.801980381230799455e-02,1.030286357907517769e-01,6.126102834418628573e-01
3.216863528761884083e-01,2.305058489454503423e-03,2.044460528598165405e-01,-1.747915758952964249e-02,-1.230773861626861254e-01,-1.912760905919010102e-02,4.180653320082075575e-01,2.415140767830358470e+00,3.238641733941323597e+00,1.049332107035973127e+00,-5.301487283289385566e-02,2.368740338060286166e-01,5.368090475748119039e-02,-5.733761825359040554e-02,1.505789068198169767e-01,3.832999005880851628e-01,2.466366666296272436e-01,-3.639479904969625257e-01,-1.163832879689059574e-01,1.715870052080396002e-01,1.644744435053894227e-01,1.655802702392028536e-02,9.874963742504494491e-02,3.179508007102080924e-01,1.963548727698969931e-01,3.031263806996384869e-01,4.710375462753735309e-01,4.255883425507966389e-01,1.637194422965990714e-01,-9.679160420861931957e-02,3.966587254558689990e-02,2.069889403285769536e-01,1.449236751680049728e-01,5.309891855364934354e-02,6.271969305321873911e-01,1.294863505114962621e+00,5.317931751142540575e-01,-1.386215362007992835e-01,-8.192311840251520483e-02,-4.018681662067592059e-02,-1.117541800459297477e-02,-1.061046707853363635e-02,4.438821335124644163e-01,8.992511911563161320e-02,5.994907150839676735e-01,1.231367894121202955e+00,2.682170771096972217e-01,7.241087612636298854e-01,2.402661256447597982e-01,1.247635190164161911e-01,3.201509219091703828e-01,8.147162049043328302e-01,1.261699838550184527e+00,6.953293618270581788e-01,1.201748227990813850e-01,2.863685290359355151e-02,7.980609931673920965e-02,7.799930426456239130e-02,1.833246275445306050e-01,5.803639839078678087e-01,5.715249362293738367e-01,2.032998991880332063e-01,-7.823880020031291627e-02,4.502372984070497353e-01,3.216863528761884083e-01
2.222221152088340312e-01,2.168917177514363970e-01,1.585852736528299833e-01,2.965335703112261800e-01,1.927573332787455296e-01,1.172050667927521661e-01,1.168443592813182413e-01,1.418984388284467713e+00,1.318313779133008623e+00,5.109697025486849009e-01,6.685907950608477313e-01,6.422795689458908885e-01,2.507005277045202263e-01,1.267330180995177580e-01,2.386810060997604510e-01,7.930517944423474130e-01,2.723334376571815874e+00,2.883177562322710052e+00,1.124756017050010604e+00,6.238755584879396299e-02,-1.012768630812558857e-01,4.131367827770418000e-01,1.243876287645347967e-01,2.133445547012974286e-01,2.739964110717163503e-01,-8.383317823191457907e-02,5.655411594826365018e-01,9.092479315099961656e-01,4.954822900158744048e-01,1.064364098121518276e-01,2.266807682203550167e-01,8.969703694578579078e-02,5.226319049506797376e-02,-6.069150098973252749e-02,2.093646306409765456e-01,3.554940609638170823e-01,1.135060834680950426e-01,4.884347456699816847e-01,2.214844114599257563e-01,1.023897891293145124e-01,1.948639842422318913e-01,2.671618459663790413e-01,1.391800917565542972e-01,2.101633441989711748e-01,1.027002229114292842e+00,1.082110561813656835e+00,1.661724937334441154e-02,-1.642087824455750189e-01,1.550106535347477998e-01,-1.244527327272415551e-02,-5.234805462787295305e-02,1.629289036411469827e-01,3.761471391511066464e-01,6.759209104555023995e-01,8.403118908099820317e-01,1.196079391480381338e+00,3.925767242046039329e-01,1.072481228014862120e-01,1.318031860041280812e+00,1.904149106021469473e+00,1.851173322237865904e+00,8.336742606212799167e-01,3.345096859252535970e-02,8.375955375765592459e-02,2.222221152088340312e-01
8.942581611634496941e-01,5.464849099925821879e-02,-8.564031600209003059e-02,-2.124267543349102061e-01,4.173121423582725753e-01,2.590099738147982888e-01,1.066849114010610666e-01,1.365134334484094936e-01,1.104045580507144075e+00,1.907389946966365102e+00,1.109125647405339699e+00,2.079988001984105495e-01,-1.571437230439476362e-01,-1.679907012658052867e-01,-1.911097266968275199e-01,2.198390687876481397e-01,2.340460789379618767e+00,5.673418169834645752e+00,5.654248615074918938e+00,2.897207231047671527e+00,7.851954674645741372e-01,1.370218395628383656e-02,6.572075097765244234e-01,3.648766367372442421e-01,6.850058726617151705e-02,3.155360144694047131e-01,1.065354322985853225e-01,5.648141834334409472e-02,6.832376340722712271e-02,-4.503495805889956571e-02,1.513948013683140692e-01,6.066222168030080963e-01,5.830829048609705856e-01,4.074175532728196436e-01,1.474480409181279095e-01,9.867233881566783715e-02,2.764059820871592743e-01,2.033443940360757374e-02,-2.030342807184903897e-02,2.960978531704184791e-01,6.043176233483990023e-01,1.723629202158402540e+00,1.612595902870656239e+00,5.324335596508178448e-02,3.836390232155517666e-01,1.383174755910305365e+00,1.436106212456840225e+00,4.860723701126650198e-01,4.493877371390597730e-02,7.743213923837606594e-02,3.944374890749823004e-02,-6.761634386215797932e-02,1.448122721298312765e-01,1.382295103751887133e-01,-6.016048641185156587e-02,9.258820803961284596e-02,2.139571433308363746e-01,1.196674524313782184e-01,5.382354127290537305e-01,5.270737490942317693e-01,9.250000059845533418e-01,6.171932468584517828e-01,-8.897595272860667204e-02,5.945257804358504705e-01,8.942581611634496941e-01
4.371814464644727671e-01,1.951109187027975575e-02,8.928458147661039179e-01,9.128787877837294396e-01,4.422045498433553323e-01,3.194092477624521642e-01,-5.851047669969336451e-02,6.199471437989275691e-01,1.079675340004927264e+00,2.802578837905831954e-01,3.148068106601065175e-03,1.450054300352226211e-01,3.047968680841459665e-01,5.125651749266608714e-01,3.975868695826252353e-01,7.059900132494945080e-02,-4.159884826662804680e-02,-9.820978925613448041e-02,4.648391283424330722e-01,5.895286497863208020e-01,2.935099250440673657e-01,6.795394674899450649e-02,1.205895325893889147e+00,1.639199301774282080e+00,-3.875285684496980465e-02,5.234012643481110727e-01,6.798045840356918834e-01,2.602452074017018724e-01,3.826110817395811381e-02,1.056882607652618322e-01,3.021872757505497664e-02,2.920109865355139389e-01,4.459689756616564971e-01,1.002628658481346413e+00,8.452308571267435067e-01,6.436300522345006492e-02,1.588312764399382182e-01,1.049181535040903945e+00,5.756006262824875375e-01,5.221341258540546093e-02,1.911954835009215814e-01,5.568322535839629328e-01,2.466494708933102409e-01,2.194915303393609740e-01,1.451569240059328081e+00,3.903360740082432834e+00,4.186690104678433499e+00,9.442720168789837665e-01,2.672796982918870801e-02,-4.944866081592005913e-02,4.292271657467019996e-01,1.627392293603954876e+00,1.692924841801211500e+00,1.581940055318650673e+00,1.145565241732084072e+00,3.705036364740464383e-01,2.077068219302483781e-02,8.247224233074648136e-01,2.344966062036097920e+00,3.891595117256400727e+00,5.188191160419624026e+00,3.015147268713290973e+00,3.078234626470326418e-01,1.863085809182054575e-01,4.371814464644727671e-01
1.731488294636529257e-01,-5.459321603814730473e-03,7.249193704675499506e-02,2.527371386157848399e-01,9.175372750259935817e-01,1.112504838504796423e+00,5.281069538842542155e-01,2.244807047717543025e-01,-1.877665328218289520e-01,5.386952264708748384e-02,4.441689801176395003e-01,5.308748047706457474e-02,-1.230324154465167741e-01,3.050480908960475634e-01,-2.030331239614067973e-02,2.221634678751766845e-01,9.444941526025607548e-01,2.387551406518298336e+00,3.161063507420918128e+00,3.192576885644316409e+00,2.086522508162063083e+00,6.785991048631163647e-01,1.464791492063186595e-01,2.580315627647265520e-01,1.777843672230364214e-01,5.728945204534097169e-03,8.096921163228794349e-02,-2.064570050074152757e-02,5.791143431141865250e-02,-5.486113152150615124e-02,5.916452586263901692e-01,5.818549181091763334e-01,-2.662854490457181034e-02,2.602651126735894271e-01,3.321563009596334437e-01,1.392693655474384617e-01,1.317031647800073757e-01,1.169955083458626977e+00,1.208914205093137184e+00,1.172218316980002673e-01,-2.303384269699060294e-02,-2.704669892511430973e-01,2.002666355596159631e-01,1.940427137010374281e-01,-5.185313442721534161e-02,-1.976466663557567560e-01,4.198956208249839395e-01,4.029428225316634138e-01,3.421442230797050454e-02,1.400052668201178241e-01,6.554137220841080858e-01,4.818856837654258429e-01,4.738105830758871373e-01,1.008067182044810384e+00,1.614728029984759949e+00,7.074343299075713798e-01,1.200573359291083886e-01,5.001225626632018750e-01,5.470700967002035675e-01,9.740861280966259805e-01,1.193767783922898396e+00,1.068348857810927033e+00,3.725106930139704953e-01,3.540498142469818144e-02,1.731488294636529257e-01
-3.545007625685879515e-02,4.632802384144230623e-01,2.111955425285401589e+00,1.313815852152024011e+00,-1.085019922641850681e-02,7.368070711395453554e-01,5.119449504921073091e-01,2.664110665166861125e-01,6.439576766033726640e-01,1.125578928430918391e-01,4.399881492862689480e-02,8.642707302748635634e-01,1.660414264929977568e+00,1.418273443045214410e+00,1.215973450470351214e+00,3.565201730746494491e-01,-1.256498697550924859e-01,1.071645802276472992e+00,1.944034659542013710e+00,3.027774580473627797e+00,3.038285952814831603e+00,8.349651351905233998e-01,1.694254125750475626e-01,3.226906608690144340e-02,2.838681010087759637e-02,4.158178510593747434e-01,1.488108196347475431e-01,3.829595590324785803e-02,2.370174877196023489e-01,4.724080036987109432e-01,1.197569297951245559e+00,1.270695219988402513e+00,1.978234751694913918e-01,-2.371337750147861634e-02,-1.573868975737733877e-01,-4.972548349015813718e-02,-7.753854877538574053e-02,2.478607799583786020e-02,6.569154726501949537e-03,1.754547385277148153e-01,1.183031895083759832e-01,1.114407461411204947e+00,6.481308894580046776e-01,1.529293557279716165e-01,1.039875736742206902e+00,4.395370659345785302e-01,1.820745986279365958e-01,4.583228757054608193e-02,2.544312289670961486e-02,5.411649433826903888e-02,1.107214566904525244e-01,1.044984163247821840e+00,1.216408223837332381e+00,1.664994154449637997e-01,-1.038239406665814601e-01,9.410301941300758255e-02,9.956694733352317028e-02,-9.426802391021360528e-02,1.189232629951197384e-01,7.274940684448470973e-01,5.541079338537057142e-01,3.788280596131467226e-02,2.415638548452337699e-03,-7.242811213312400076e-02,-3.545007625685879515e-02
3.279860303404896760e-01,1.776101316723551760e-01,1.265603063443668130e+00,1.016160703948796318e+00,-9.129142626945743744e-02,1.166377140991924771e-02,4.780645802255428789e-03,9.646938321942859496e-01,9.305609815508969485e-01,2.402138101807798631e-01,1.375977927718386729e-01,8.994056682702438188e-01,2.201632329041403491e+00,2.762360603406778914e+00,2.000636893502165670e+00,1.494033602774953229e+00,1.431726899871015091e+00,1.176064916900980695e+00,1.327798833805003298e+00,8.836956631526851069e-01,4.819714810149321876e-02,-6.271117469189020632e-02,-1.642237446719652660e-01,2.070799106577519977e-01,9.070437012335272886e-01,9.909639898682469639e-01,2.699742139104815974e-03,6.352841657690538879e-03,8.599275246196869116e-02,4.173321633941908249e-01,3.555549253416248057e-01,7.947310895785830720e-02,7.090929165397338862e-02,1.910454529307469562e-01,2.064005798137575898e-01,2.061001970584568355e-01,2.416053664615801511e-01,7.879393064932008750e-01,8.053532341086222512e-01,8.727166884967219040e-02,2.951025188728744197e-01,6.199634565192335689e-01,2.140712588209214839e-02,3.967946662633299870e-01,6.965722999254514436e-01,2.385059262704908312e-01,5.622245058279431440e-01,4.948544101032628095e-01,8.734861333648437365e-02,1.747558636337054327e-02,4.925330398952654232e-01,6.137491052732373387e-01,8.672646642503751835e-01,1.371574069993021450e+00,8.589610439920909446e-01,-2.218813620392591501e-02,2.081059108107778388e-01,2.953453461125534751e-01,6.753065328358676123e-02,2.854108484084572073e-01,3.435903274638812954e-01,1.160875131137601296e-01,1.083968463311912322e-01,2.062671269073477198e-01,3.279860303404896760e-01
3.192519188412989983e-01,4.642556637464587688e-01,2.926700983908684384e-01,5.758441856502360956e-01,5.080220148402564417e-01,9.892259406952141898e-02,1.203468925193877714e+00,1.352116592776202442e+00,4.604532907216336568e-01,-4.849302734507621171e-03,-1.033827918002991481e-01,-5.449716749655637849e-02,-7.381014272594665915e-02,3.890057973866511976e-01,1.887421867559487598e+00,2.624375929909011695e+00,1.516986816414913175e+00,1.042826572374162764e+00,9.670433384122452125e-01,4.126210208959522063e-01,5.571099350277290974e-01,5.210729958112541027e-01,5.444391740481000497e-01,1.418216869429582694e-01,3.555052992505852716e-01,-1.887127888221588889e-02,1.515641610769705716e-01,1.464587472704679261e-01,-1.388620024426195365e-01,-1.394040095872874918e-01,9.157851389774396278e-02,1.287208859323504540e-01,-1.986992632164788497e-02,1.261305251611721800e-02,-4.908498521133775050e-02,-4.956822012779382725e-02,-6.632140171665212858e-02,8.603517342406211132e-02,-1.800985192477265462e-02,1.452406012749552500e-01,2.292563831233917770e-01,-7.238799193079450967e-02,6.644385356619622596e-02,-1.725571627399440089e-03,1.255484138561048790e-01,1.802690138543014964e-01,5.259116184617378398e-01,6.420206537125825452e-01,2.049935845731095663e-01,6.132180961886868342e-02,2.402906580329300379e-02,6.990335627434945964e-01,3.253022858372083825e-01,2.116986022718298222e-01,1.188614308115856666e+00,1.010585397515878947e+00,2.905365812221263333e-01,-5.743089987022803600e-02,2.374962231252841782e-02,-6.842214835655183180e-02,-4.023384819769133119e-02,2.431625574086892783e-01,4.775115871610542406e-01,2.899391079287503281e-01,3.192519188412989983e-01
8.081389338415428947e-02,1.697864321385728625e-01,1.017702947051499329e+00,1.448428270857127886e+00,2.025777527065123762e-01,6.708866864772993210e-01,1.099526365706143372e+00,1.755117518878557270e-01,-1.301160502285239051e-01,4.038591329643422823e-01,3.054618163553030619e-01,3.211750394965415811e-01,7.318057918862108657e-01,8.061875221182360773e-01,5.044758586795257127e-01,-2.645978279033945890e-01,-2.365332091271233894e-01,2.793858759737194442e-02,2.331620694627419832e-01,1.025327992082586404e+00,1.014201539370163108e+00,4.855699720949233633e-01,4.834614798550515569e-01,6.043334685050861799e-01,1.152494861843615714e+00,4.709355960111104022e-01,1.122128839134876321e-01,1.548899129141561859e-01,7.197624597920555534e-01,1.141394036120348954e+00,1.882309953630459387e-01,1.662038765834533693e-01,5.714136999382907200e-01,8.193647169865880819e-01,6.816911564053773631e-01,5.769111748246791294e-01,2.622025119599447618e-01,2.159727166947923438e-01,2.013681618626247949e-01,6.521912740552238130e-02,8.571033206191328024e-02,5.463309456519072072e-02,1.020439043766412091e-02,5.042857878436265984e-02,-4.501194163846494734e-02,-1.201089547270222102e-01,-5.529579051935695766e-02,3.132188429710074939e-01,4.592800782020974859e-01,1.446156584124009825e-01,1.784449291908807300e-01,5.273317790637217506e-01,8.684435162487298410e-01,3.765696338745821992e-01,1.568039766113661360e-01,2.374228656629888690e-01,3.743145157259217815e-01,1.625863224471151558e-01,1.750256814094024449e-01,4.065074758131035360e-01,-2.618650302528763296e-02,3.473199717635773176e-01,4.401837832849405108e-01,3.112466965934941598e-02,8.081389338415428947e-02
2.643135046129932442e-01,4.619874361909215854e-01,8.167384749528061594e-02,-8.253286521359060046e-02,4.757435666397534790e-01,9.865400807947857231e-01,2.603283636233060250e-01,9.769536559937475051e-02,4.414245684402219871e-01,7.443880761842585070e-01,1.340402553972640520e-01,-6.663563104278777405e-03,-1.854034932130644020e-01,1.053683017837967195e-01,1.591100307258634383e-01,2.233425626749149795e-01,1.061307653547033825e+00,1.638559751989078661e+00,2.531788889609385418e+00,1.694477601265475197e+00,2.569749160981405489e-01,3.146206459209308082e-01,3.025975222576249291e-01,1.453987441943391801e-01,1.070836367776858422e-01,1.372809739249742922e-01,6.689636718500306944e-01,9.719407844247507366e-01,1.374700579884646556e+00,2.007229335520836599e+00,1.483280791649419728e+00,2.609574448780160871e-01,4.166067257241684030e-01,4.838560537860410737e-01,6.115574372924308388e-01,2.375038711080653675e-01,6.032690977680707500e-02,6.961583453250889952e-02,1.178131001045774895e-01,7.273854515774957896e-01,4.127092258651857692e-01,4.003791678694920697e-02,2.644770558142196804e-02,-2.098134477718138768e-02,6.981037925226629692e-02,1.222489401710809831e-01,9.021219230566757119e-02,9.671871432157952420e-02,3.849327239733445483e-01,3.405473580855059024e-01,2.639069056778070022e-01,7.966932766028287372e-01,2.274713123543525561e-01,1.400138302460161577e-01,1.006407381355644448e+00,7.266121875406885700e-01,1.362914988891870127e-01,3.161513100359606976e-01,4.997334393224605043e-01,6.622329090439244004e-01,2.207293914058119089e-01,8.388804177976166843e-02,3.357810125997496287e-01,3.766677365672717326e-03,2.643135046129932442e-01
-5.845766349775372017e-02,3.034428874772286955e-01,6.819107754880779915e-01,4.767974915258984536e-01,3.056182510858518331e-01,-3.527580879389513591e-02,8.551652595490844000e-02,2.400869556378414371e-01,3.565831074477896490e-01,3.028298126921821209e-01,2.108632808908650624e-01,2.048315345984763891e-01,1.792798361538771312e-01,5.855996820566446992e-01,1.244319299497712028e-01,1.023216205139401591e+00,2.004902398156901189e+00,1.719899916641206783e+00,7.473533619050302113e-01,-3.732407975512980203e-02,-8.625063821642098283e-02,4.044949809238814753e-01,4.850954532902930771e-01,6.196844365368504859e-02,1.173250853078192796e-01,8.550022294790710076e-02,2.812775726666454368e-01,3.637104008663779031e-01,-3.425119139214893860e-02,-2.060812376345501074e-01,1.155264658483814710e-01,8.204928701396829727e-02,1.165730923251279277e-01,2.956810051121743221e-01,2.508693572347915346e-01,2.945913149530330899e-01,5.150149104523387145e-01,1.140515962659573723e-01,5.419842127069967042e-01,9.743530585836491786e-01,2.534175618285785525e-01,5.332458965844405485e-02,2.602217540098021864e-01,1.130050381698125550e-01,-3.433684171873194885e-02,-1.049857922783582198e-01,-5.841767664421723683e-03,3.154654360519401068e-01,3.718648326377985702e-01,1.717821805733095730e-01,1.872526782257801503e-01,6.352572604726848260e-01,5.924524293035211553e-01,1.501324313609305183e-01,6.011299195327959310e-01,4.436358761702211551e-01,3.697679377575177062e-01,1.071418913174797538e+00,4.119729223418787112e-01,1.652893505311804345e-01,9.452178345634063006e-02,1.395221226916698587e-01,2.848028111461982648e-01,9.140970747979143551e-02,-5.845766349775372017e-02
2.979212201131329341e-01,1.565316130096044978e-01,-4.650081843014074873e-02,-5.997570091443471529e-03,1.039909979666364670e-01,3.960851092617604374e-01,4.495895313712466312e-01,4.092740215676350934e-01,-2.713757116163995065e-02,4.697880083977468146e-02,-1.522958789848978534e-02,-1.454776313957066858e-01,-7.531939002787718662e-02,-7.814540620597909548e-02,1.180999828161638066e+00,2.092934219847237820e+00,7.939564498602365017e-01,-1.246347945678228375e-01,2.241959736896389499e-01,8.090755494039072460e-01,2.043177684260077398e-01,2.124832725061756855e-01,3.413009568204098398e-01,3.733973245771682326e-03,-7.119372716578181715e-02,2.188478306787063760e-02,3.682376427562180088e-01,-1.089851609146255673e-02,1.932411180832104280e-01,3.266458783875024752e-01,2.042617943573060701e-01,1.456419288594762440e-01,2.107738437249720986e-01,1.157041932068990503e-01,1.205620468361139896e-01,2.970016168469263307e-01,-6.076316785931286379e-02,4.581303482956022854e-02,2.204941202009389201e-01,2.029792662273534054e-01,2.519063744220338963e-01,6.863232519737152426e-01,4.003420915767443855e-01,-3.269264702190370631e-02,9.090117217953198880e-02,1.694470078185735806e-01,8.665461567331311787e-02,1.087100451382114308e+00,3.175046435079946328e+00,2.416856080067745438e+00,4.321578578572516927e-01,-6.588210455421972256e-02,-1.586230005576226565e-01,1.538706441888910426e-01,5.064165905687253444e-01,3.795733738371572796e-01,-1.899054893931413079e-01,-2.350386405785214738e-01,-1.951314681167059251e-01,4.073404775069575101e-02,3.045072589813843655e-01,1.751108583016007580e+00,2.115759611896921299e+00,1.475272956216385767e-01,2.979212201131329341e-01
3.328597240852579908e-01,5.024927772947603843e-01,4.164236613040560586e-01,1.932461794135552080e-01,2.891923703623375252e-01,2.559461833622762583e-01,5.959708461457910444e-02,4.567669547744973579e-02,1.785853439636596041e-01,4.043836493121799602e-01,9.970655833639932020e-01,5.223207339544539973e-01,1.200881404426807353e-01,8.963448984950533882e-01,1.366373766492539277e+00,6.154871518092068783e-01,1.624605471931702405e-01,1.863239810402052554e-01,2.034749498446601912e-01,3.908617295988788265e-01,1.950193750918162716e-01,2.609265683767938437e-01,4.974683130803405073e-01,8.640816799373272905e-02,5.490125712952396153e-01,2.238814098683471476e-01,5.571223130333554652e-01,8.303620764714904068e-01,2.966494250401330302e-01,4.816198466660237543e-01,1.392025760719749761e-01,1.273915316909433049e-01,8.238717367020508275e-01,4.322512258915922612e-01,2.953686032512596871e-01,2.221235273331439719e-01,2.361005782210359449e-01,5.468008362400220146e-02,5.759084639249416604e-01,1.117855316649239761e+00,5.750639098511802771e-01,3.775305361500866930e-01,2.669761685772682747e-02,1.995164236356498921e-02,1.014360494618286868e-02,1.555469494712287126e-01,1.163595978436520184e-01,4.294776700467739516e-02,5.033660459487997452e-01,4.854463256267987359e-01,4.021229390191052300e-01,5.319420669532263224e-01,2.952360865579329863e-01,9.434186063981014891e-02,2.293140223835508362e-01,4.501485788867330695e-02,6.722041700246688123e-01,1.333213923485035757e+00,3.889330563350282266e-01,2.582497908087124094e-01,1.230710469974672261e+00,3.191336136814745927e+00,1.513524926477233468e+00,-4.394269003562317755e-02,3.328597240852579908e-01
-4.676640504462711845e-02,-4.858712608260634669e-02,4.114680154268407497e-02,6.048563082848568140e-02,1.124011769157464702e-01,1.992884787638409261e-01,1.403956949403862287e-01,9.673942895387896423e-02,-9.319494409975417892e-02,1.637025733001906680e-02,7.528525031263987310e-01,2.621389553745172019e-01,-2.036371607211584500e-02,1.617356899168204132e-01,9.595099235381826519e-02,9.215245940285410331e-01,5.371686675368990693e-01,-1.218510686074821825e-01,7.853440529314793528e-01,1.163843816618137517e+00,3.086456681611787767e-01,3.664977004671618466e-02,3.847001648033471222e-01,6.781890522714137948e-01,7.078596781974797469e-01,6.233641058638575982e-01,3.225144418937458957e-02,5.380149016084341262e-01,1.970721074065405531e+00,1.814139711433340185e+00,-4.572619148697901204e-02,1.871812004226638182e+00,2.167770518085820886e+00,3.396066547148964831e-01,5.710636794361020896e-02,3.393967017163826427e-01,4.420569797576645588e-02,1.482099138460091226e-01,8.570737810842804505e-01,1.894923252983246598e-01,-1.609339232814097354e-01,1.262983304459721068e-01,1.733177019924241891e-01,-8.873415243073834446e-03,8.950805033124660526e-02,7.378438498703854265e-02,2.415523241864264703e-01,3.783537178655168587e-01,7.605184821961284980e-01,9.534687367968665006e-01,8.746633150000343582e-02,-1.538504334597119716e-01,-2.601992642709466397e-03,1.762159798427124502e-01,3.471881980493489728e-01,4.018394804657687835e-02,1.086761766658562722e-01,5.688064305686894029e-01,3.847285550456858161e-01,1.650213750370840282e-01,4.232603246853182122e-01,5.735892917203381236e-01,4.081211607307629885e-01,1.094497802762289529e-01,-4.676640504462711845e-02
1.487990617962604012e-01,2.412291607105997437e-01,2.096387544878853537e-01,2.850410972889982908e-01,4.869965663214345097e-01,1.828121689928847715e-01,-2.536232664551096860e-02,7.293707426869712185e-01,1.375306925098885635e+00,2.236421338281930904e+00,1.991814663846362077e+00,6.887444242528868443e-01,8.384885393910644635e-02,1.401754014465783071e-01,8.157875474301023999e-01,1.859346469561891091e+00,7.593818151078299827e-01,2.346932120800012123e-01,9.098866054330543296e-01,1.500867129137587908e+00,8.745716277879276301e-01,1.270950582750835500e-01,2.668869499721379102e-01,2.379021984141466151e-02,3.520471681645552797e-01,9.901950885167077887e-01,6.006753878502762989e-01,1.714006878093499164e-01,8.067179457678017584e-01,1.630101678576464930e-02,3.510037428485019428e-01,1.162636796741099765e+00,1.130812309115599157e-01,1.161744563700643385e+00,1.953198088503920626e+00,4.314060901736087583e-01,1.046308753738353081e-01,1.232941449087561758e-01,5.679727450380422926e-02,1.191688315935778286e-01,2.119603686651757579e-01,2.758210831080404324e-01,9.483141984352904119e-01,3.953196511385418943e-01,9.036079319368001128e-02,-9.766993754790698201e-02,8.910564052521426082e-02,7.762562695398703139e-02,6.987349702497394066e-01,9.313031895323260478e-01,4.251678817497709928e-01,2.476150913314413282e-01,2.898327290395347755e-01,1.051111361389730492e-01,3.877974929625127576e-01,8.839199011058740396e-02,6.713725261935084010e-01,1.311782186992665356e+00,8.223098567963170735e-01,5.243889300386481711e-01,1.713068245900204456e-01,9.716516714931622278e-01,5.951279248399083954e-01,4.505434383084955252e-02,1.487990617962604012e-01
1.807425753764150267e-01,2.086310822995915970e-01,6.249690133535074077e-02,-2.570576479847258566e-02,3.038506512689650441e-01,7.983022422855425848e-01,3.943560695421345352e-01,2.832428554441424051e-02,1.012753676177914119e+00,3.620643921617371142e+00,4.546335974782918399e+00,1.889203168003207978e+00,1.736345211989956672e-01,1.307343557559172698e-01,1.453079413174435119e-01,1.913753666778467699e-01,2.004557383094657252e-02,-9.506389189788544414e-02,-7.249080437512454844e-02,-1.564305482293323613e-01,4.109919283872104367e-02,-6.217322319319956714e-03,-1.324165752297067344e-01,3.771734497534387498e-02,6.764359115702017755e-02,2.144949889500173401e-01,1.247559657001236083e-01,1.444413096649166395e-01,7.373864096592652739e-01,1.855953646055427120e+00,1.434962078870352986e+00,-3.816920270666637055e-02,1.137213023569780546e-01,3.459846893894549802e-01,1.845682542547750493e-01,-3.433876904697974464e-02,-1.262050007126632178e-01,-1.107341375878995171e-02,1.112731134742082073e-01,5.205819791041964295e-02,-1.049259890661444206e-03,5.949660246742499714e-01,1.042982593658259516e+00,2.421484650353185608e-01,6.735802983742589234e-02,7.774543928608007581e-02,8.502721879511898617e-02,1.168120463733266501e-01,1.282557022714427841e-01,-5.142312003708343626e-02,-5.437493108548571707e-02,9.108375184596412266e-02,-1.175700023858815557e-01,9.918575588086464556e-02,8.484471710360050878e-01,1.812850840106378092e-01,5.416768606256610052e-01,6.829258309355203949e-01,3.539812617586527432e-01,9.743592470521380555e-01,7.854127180022676402e-01,-8.041452422193562377e-02,-2.460534498603332565e-02,1.153123756227074082e-01,1.807425753764150267e-01
6.937267800748640745e-02,4.312655882627690618e-01,1.890618632742208094e-01,8.555174867530956906e-02,1.394439367745726188e-01,1.578735586982700223e-01,7.680025725999155561e-01,8.061393760954802534e-01,6.421189601153888260e-01,7.928111549751623022e-01,5.835197784475718574e-01,3.013010262733998856e-01,2.509966314698920953e-01,2.523049048489504065e-01,1.352910086553064106e-01,1.338795685996300722e-01,1.343684382171837499e-01,5.529840072120597583e-01,6.232854011847970277e-01,2.307686435553819304e-01,3.652454559206901041e-02,6.008733019150445942e-02,1.698808469895864148e-01,2.691468325061496247e-01,7.266219852229047760e-01,8.408061251353103893e-01,6.463449914107333161e-01,8.468512783996874349e-01,2.258730269356737708e+00,2.669952897935061742e+00,8.150181547472828969e-01,1.829041683182967004e-01,-8.021122008269204740e-02,5.215472006208436984e-01,9.947059320643437674e-01,2.735525565759732158e-01,2.903018947245964432e-01,2.643112245873133759e-01,2.494050946467330498e-01,2.929977379775047241e-01,1.391026765049879099e+00,1.071816585927853893e+00,1.086401112231419608e-01,3.365700217841216535e-03,1.052013552774832550e-01,-6.177008851618363827e-02,2.188870296916310687e-01,3.121897700454994706e-01,2.146679808275041013e-01,1.723047281454993251e-01,5.981550806323461256e-01,9.621023575949708695e-01,4.725129727588685546e-01,1.745965119276863264e-01,2.385448982629656545e-02,2.371503000425960739e-01,1.277587600592140937e+00,2.390647176332707957e+00,1.393152162577119269e+00,4.300651018201793185e-01,3.782607563899011982e-01,1.787035785103792129e-01,7.831292948963929079e-02,2.260800214693811649e-03,6.937267800748640745e-02
5.459488996345595035e-01,1.282763890120740546e+00,6.352752332861106854e-01,2.360216356316452713e-01,4.382877244437955455e-01,1.227649805187848830e+00,7.311789323431394649e-01,8.284588894453314145e-01,1.635664024881427370e+00,3.529808876754886526e+00,3.698046211975789088e+00,2.551635382345886605e+00,1.085427553081680374e+00,7.367807849611915927e-01,3.989005361450904674e-01,-9.629644461691205803e-02,1.427852784245336459e-01,6.274244106325583825e-01,5.102484860221014884e-01,-5.419638232030130065e-02,1.437821160654018660e-01,4.258488471100212447e-01,7.793879900696566443e-01,5.464846956719898730e-01,1.016770813316987043e+00,2.331676600994106785e+00,1.384286517120567828e+00,3.734626907264028128e-01,1.254143855410986719e+00,1.861913303213910353e+00,1.571311482890924704e+00,7.173556566066376927e-01,1.259376074935145973e-01,3.343031609494714895e-01,2.580481860414084450e-01,-1.975543636800493608e-01,1.203098277666818927e-01,1.916812204714851142e-01,4.930903691081306439e-02,7.959314395220047356e-01,1.698684726517584842e+00,3.866301703107058452e-01,2.323855791041604391e-01,1.957205170797863547e-01,1.066107906540257610e-01,2.500233077595127862e-02,5.629455220924894920e-02,5.475991679962188829e-02,4.762254970765424922e-01,1.917502852562527060e-01,1.760190147413991379e-01,4.488315689485267157e-03,-1.146680282127149064e-01,1.284967561172448425e-01,6.414445679815833357e-02,9.889547673864969024e-01,1.835292275716442045e+00,2.746621773501561670e+00,3.756284209876988633e+00,3.270839037237053493e+00,1.290305619945411708e+00,5.082924746179617870e-02,-2.537024833617676500e-02,5.083604836608203448e-02,5.459488996345595035e-01
5.842155840864093896e-02,2.772132494693866356e-01,4.922828182790590645e-01,2.051393265434472424e-01,2.153094964648644694e-01,1.345265438914798661e+00,2.080892588744206240e+00,5.960696387614450309e-01,-1.228934113158073604e-01,4.130010397224537222e-01,2.288796754098935793e+00,1.656020466399030111e+00,9.399974518127659495e-01,7.350437285376042462e-01,3.870092272555923918e-01,7.564832644289287700e-02,2.446125914811303481e-02,2.421545843324997005e-01,4.559782442259666668e-01,1.759040685493150902e-01,3.221350513493015377e-02,1.210994709773580258e+00,1.831285106067773283e+00,2.103373926966912444e-01,-1.877007915477264810e-01,1.426296623360309712e-01,2.050769847501787146e-01,9.792354907301709099e-02,3.058174552150199510e+00,6.615063943763457743e+00,5.755386879862217420e+00,1.890630807585293116e+00,1.613130934125558968e-02,-6.474693681433429937e-02,1.518650712598125230e-01,3.430501203603890659e-01,3.520478760629940362e-01,1.933095534649593994e-01,-5.312373617217756860e-02,1.209716917548931542e-01,2.131204437074530611e-01,7.591699555810704769e-01,6.280960768081418344e-01,7.746032636356764423e-02,2.860305241140645438e-02,9.105697845903354404e-02,-1.360419584627284295e-02,2.613648243549996364e-01,6.892220103670989584e-01,8.102534668821717023e-01,3.032605292431785338e-01,1.188651309864410810e-01,1.970825927868768424e-01,1.599901387092610983e-01,1.147278731290998222e-01,1.149745138112319015e-01,-1.368230439197226367e-01,1.892469026770013940e-01,9.315452826735437508e-01,1.711807558696990306e+00,1.341578407799589812e+00,3.093353960920128820e-01,6.023017245801114139e-02,-3.560122542155821912e-02,5.842155840864093896e-02
4.288033819288321613e-01,-6.695108003089744741e-02,4.904240905245165760e-01,5.232463935998331594e-01,2.223101869177474543e-01,4.283059984621858662e-01,3.895985537038144098e-01,5.309105557826403476e-01,3.185153689466624360e-01,1.429361963168258587e-01,3.450380955804416283e-02,-2.246732607829143302e-01,-3.144064923434402026e-01,-6.507083735771967969e-03,-1.104582882070113126e-01,2.702724154236668674e-02,-4.624027912758033043e-02,1.206040306194743061e-01,4.136035212997503374e-02,1.090885361818010046e-02,1.001742888771273154e-02,1.891546524516185546e-01,3.171843309473365569e-01,3.633066660690815741e-01,5.644567223447343185e-01,2.949361157879996087e-01,9.449327383170738615e-02,7.002304452069083585e-01,2.300252996239920966e-01,3.015112508845957384e-01,7.187025130977242604e-01,1.565248721122449171e-01,1.269364749768599476e-01,3.760492880181607322e-01,-5.816453146586747502e-02,-2.834863716532476374e-01,1.230748867799362212e-01,1.408075204691912052e-01,1.250185991188430268e-01,4.454091209904155191e-01,3.225926462111557314e+00,5.214884426014144481e+00,2.361652221182368727e+00,5.513272512428837868e-02,1.948564689879655476e-01,3.158901516686208888e-01,2.853787655313381189e-01,1.299554477708664280e-02,1.378053936987128913e-01,5.548812834950375694e-02,1.555283161510442325e-01,-3.640036719645323160e-02,-1.009318125151472678e-01,-1.444690628538690125e-01,4.607044318457816368e-01,1.376290614748608920e+00,1.541073746718831794e+00,2.424052868969996055e+00,1.879233234185057722e+00,1.673054896928768409e-01,-9.964395585081298190e-02,-9.721875314886796460e-02,1.855684558798377237e-01,3.362780894310132274e-01,4.288033819288321613e-01
6.115980391952399176e-01,4.971786757971737303e-01,3.959501001152460065e-02,3.771076479322285069e-01,2.055021111678877466e-01,1.065137287835076663e+00,4.822817479297377141e-01,-1.424170654652280321e-01,-1.776477009601495904e-02,5.320448521017705490e-01,1.918213245433168623e+00,2.186559082898227313e+00,1.581342937737248100e+00,1.008742840943760655e+00,4.513147255292012661e-01,1.083419984706223416e-01,-3.264451406989415938e-03,4.856963402594899337e-01,9.865490506670064885e-01,1.946995181410245135e-01,1.075557142376326741e-01,1.458991815983406770e+00,2.533790424570869781e+00,1.010996963050564634e+00,1.458738942554658191e-01,1.658525219248641047e-02,2.559471294105296613e-01,1.901060596098116395e+00,2.995809858509795198e+00,2.154726991715361972e+00,9.779894152178256750e-01,1.189297548791859782e+00,4.734603739020902813e-01,4.413937033411850785e-02,6.277165474189788652e-01,1.828925144369508704e+00,1.586040749736610911e+00,2.019055048117032736e-01,5.659475658179911883e-02,4.030150460127926437e-01,1.136369599678971554e+00,1.648770467174366150e+00,1.065722957359688916e+00,1.148908128617967817e-01,1.018849216943490676e-01,1.581136846154495568e-01,1.692359403169295673e-01,3.242630265370509690e-01,1.364913501998118228e+00,2.037214915405757498e+00,1.320521817015852362e+00,1.598497940998300226e-01,2.022130309731884346e+00,1.370902664079435063e+00,-5.963396919829666576e-03,7.321737064362059400e-01,1.865813850242329597e+00,2.644170946712474990e+00,2.113372308340700556e+00,1.058918253034636603e+00,2.703228945672147554e-01,1.198543872257265552e-01,-6.715962939635750084e-03,2.228118763221552667e-01,6.115980391952399176e-01
7.477184450066834409e-02,3.557843435890897243e-01,7.960660405747184143e-01,4.927659484260787925e-01,-2.623635963599019183e-02,1.572154957796662866e-01,3.848380736879660757e-01,1.538864876543407645e-01,8.553599157039315504e-02,9.109666200340331699e-01,2.782391914473957506e+00,2.730772555659030321e+00,1.597000634538466191e+00,5.903880027927410623e-01,1.203661874129098308e-01,3.311019356104765721e-01,1.244029410104524613e-01,8.916787554258243098e-02,9.572849441421730221e-01,4.409765762991402216e-01,1.869375089675527624e-01,1.136363267783123243e+00,1.098808325870402891e+00,3.052994239855387759e-01,3.572329931521547874e-01,2.109831201943038748e-01,8.683002849653481681e-03,6.751348092350484276e-02,1.077032896542750251e+00,2.216277673544408966e+00,2.077732114852422818e+00,8.592877389409894207e-01,4.516243576462974918e-02,4.581253233400695013e-02,-2.370980376042658988e-01,-1.554635474419693297e-01,2.570682097392811283e-01,3.306061038753603798e-01,6.939110729284098111e-02,-3.957335798688060846e-02,-1.800585618576255875e-01,3.540941065025632328e-01,2.978253980973001314e-01,6.270977184307197083e-02,2.770999453388167666e-02,1.338139668235203694e-01,8.088503721104906008e-02,5.894509362851585443e-02,3.871839766193119758e-01,6.833325874474931449e-01,2.567075765521754094e-01,2.052435187475676881e-01,1.413545766494705758e+00,1.236539321258534274e+00,5.838804026145106851e-01,1.844864141864231005e-02,1.310162049202784340e-01,2.436579291193292640e-01,7.217723439060957924e-02,1.204532652408919942e-02,1.786401353986711432e-03,-6.604022607873114015e-02,1.194000396386333679e-01,5.047348309377383546e-02,7.477184450066834409e-02
3.177518376326864957e-01,4.719219101266388661e-01,1.832199814027915208e+00,2.363221709443135143e+00,6.510514149320258959e-01,1.416220542865992416e-02,-1.885240113125258299e-01,-2.079796068359625327e-02,-4.502965788725976637e-02,4.111834089540222781e-02,4.902353340004145799e-01,3.512648902171539578e-01,9.312495871438564166e-02,-1.117552369877342633e-01,5.968786781198058833e-01,1.455046456126845689e+00,7.063425505285929606e-01,2.203384164446012816e-01,-1.205077554409253737e-01,-9.580233868488488569e-02,1.654443947914247537e-01,1.631838160480722222e-01,3.279539450146376489e-02,-1.051252025101239718e-01,-3.298697509362797931e-01,-5.610455026360541830e-02,6.098259613513292710e-01,4.841456171766895800e-01,-1.135130803603554561e-01,-2.104690409122084160e-02,-3.276782788846868688e-02,3.258393157844505783e-01,3.637508571467187313e-01,9.141872489942194646e-02,2.938342301047466520e+00,6.369632440496484804e+00,2.975228289577904306e+00,3.450710992265065835e-02,1.589696255617319420e-01,4.237910469483845421e-01,9.668580666895578712e-01,9.762769300246060267e-01,1.054717503159319447e+00,3.922949822891408367e-01,-1.472955033964329363e-02,2.267359921386979393e-01,3.884055802105595423e-01,1.928780906865926181e-01,5.017201346597019440e-02,3.807019693800171023e-01,8.019801924835621154e-01,5.443549049724223377e-01,2.805907882585066959e-01,6.464467172538894690e-01,4.640741661458288592e-01,5.543919289931484862e-01,1.245367208882041998e+00,1.768888469161993049e+00,1.145099100244766355e+00,3.909472992872880526e-01,2.874628472313116578e-01,5.625993216686052401e-02,5.439534257551286167e-01,6.645173447652898968e-01,3.177518376326864957e-01
1.680542263226551467e-02,4.406176965512269561e-01,1.835409306425332510e+00,2.113598429593667838e+00,1.448824674488961683e+00,8.384598728443235505e-01,6.337952945590367149e-01,1.897115708186811744e-01,1.170823714904846297e-01,3.333568076140609460e-01,4.609854997092400208e-01,1.513242503570988440e-01,3.214310252759079445e-01,1.275575035952614400e-01,5.041002705155034347e-01,5.610803812952711578e-01,4.934552082744664281e-02,8.198177572513687394e-02,3.015630067246611867e-01,1.512319170948333569e-01,4.901968599742401178e-02,8.636032652951131094e-02,2.212281986750697094e-01,8.390918408526334415e-01,1.582162727112053746e+00,4.392381821515320972e-01,7.026005583404031363e-01,9.879926679677579759e-01,7.746313003625349136e-01,6.816568380250391801e-01,6.270466793117407400e-01,4.506572484247172161e-01,-3.724195616934997122e-02,7.710538492312599135e-02,3.571230638438795069e+00,8.730994956428531850e+00,5.325540619060977754e+00,1.045732402057153454e+00,9.160132870541196071e-03,2.362397369724108798e-01,5.234139306146152748e-01,1.391886866720571492e+00,1.673352401033155745e+00,5.208933672122568748e-01,1.113210072662348948e-01,8.431253755198589439e-02,1.654321980474319775e-01,2.487753090200112982e-01,7.898233844841201501e-02,8.574695156290884634e-01,1.076571644705601738e+00,-6.671181086426780649e-02,7.577955294062599378e-02,-6.599794250701535026e-03,3.393815158311232205e-02,2.466827029953806427e-01,1.041145017835442665e+00,1.450344923178881862e+00,5.119188206954172760e-01,5.144456714716619250e-02,-7.044228177388534018e-03,1.004357568781033549e-03,1.513109242144131950e-01,1.075795537422174070e-01,1.680542263226551467e-02
3.815423650643292447e-02,1.518813643841153693e-01,1.479329288715024171e-02,-3.122254009896463511e-02,-2.904948416021169155e-02,5.923388084387026797e-02,3.602524024572348882e-01,3.145703123455523276e-03,-1.477833878651191313e-02,-6.833804012774558068e-03,4.945920357306711201e-01,2.852785602601220494e-01,-2.123612832046800625e-02,-2.836843988678949824e-02,-4.159258071326787931e-02,3.313981904019295266e-01,5.527857488432050825e-01,4.505630373736269068e-02,6.202253482583235111e-02,-1.488359604533867619e-02,5.177725846371261653e-02,1.731302085362493304e-01,1.726481689111718509e-01,9.220139560119169353e-01,1.991994103891902235e+00,1.081062074072884904e+00,5.416222470860465599e-02,2.245854458702574719e-01,2.446420030659212652e-01,-7.578447101607174718e-02,-3.557555218662922236e-02,4.678233510062089762e-01,6.235171173502163100e-01,1.054206573599400509e-01,4.281152835677577428e-01,-1.329368175641110206e-02,3.992444688799012820e-02,2.715626662558781046e-01,1.615355974115055826e-01,-4.580904154106152371e-02,6.515487959762774617e-01,1.474187686224083027e+00,4.842747766867036008e-01,2.731843765268759244e-02,-2.788026324838888126e-02,5.517671149033522848e-01,1.983547201017333173e+00,1.579570006607287525e+00,6.830423766286780607e-02,4.152913429139467039e-01,5.429537710883027835e-01,5.565778304435081703e-01,1.193323130676874122e+00,1.378195137099149870e+00,2.374114888801761303e-01,-3.862270538123907526e-03,-1.311534835352111128e-01,-2.413562007795699849e-01,4.815651421185895842e-03,1.096915525491070076e-01,5.722148268005068650e-02,9.934754854458596740e-02,-1.392737538355670601e-03,5.897805926933585852e-02,3.815423650643292447e-02
6.043228468607602516e-02,-6.135547381065110939e-02,4.202128518896365295e-01,1.799960476984924895e+00,2.214037545364650583e+00,1.332484835107396126e+00,4.963527239790535006e-01,1.010084734095714476e-01,2.330872915944261492e-01,7.448239507832737916e-02,1.241934745931593809e-01,4.283298205032245454e-01,1.181150454094716196e+00,1.153263611098031216e+00,7.812545506202875356e-02,8.513900294040244177e-01,5.796111793820426517e-01,4.071155980607596425e-02,1.100433643238648118e+00,6.762070379032540934e-01,6.753884628943038204e-02,2.141191683208511221e-01,1.340007517549050842e-01,1.202030738386645758e-01,-2.087313982937177848e-01,1.830884939733157246e-02,6.909733714298963436e-01,5.455932545206210182e-01,1.805477854393000570e-01,9.128543687630124026e-01,7.559582983323328564e-01,2.888943708589588599e-01,6.962510164159488868e-01,9.429791737866648482e-01,1.786967058890108095e+00,2.327022948441185513e+00,8.047077808771478935e-01,-9.790374585995076373e-04,4.200745794849058967e-02,6.471783416414200740e-02,1.598391656771290248e-01,1.719855334658890178e-01,1.465023002675911012e+00,1.178279902095429321e+00,5.128697703236717587e-01,4.760904017569113633e-01,7.368544533916009387e-01,9.361747262712616369e-01,3.408140324121196607e-01,4.798770497364375220e-01,5.015968304102531583e-01,5.357815709400567394e-01,1.049712049791354573e+00,1.212186908213312320e+00,9.227413836763076471e-01,3.976318295835574723e-01,3.561760792651689211e-01,4.040603327568898506e-01,1.469543919830596235e-01,-5.008663036808796987e-02,-7.879479549750240119e-03,3.369990473895879968e-02,1.345147222839020162e-02,6.582627170817861861e-02,6.043228468607602516e-02
8.618991757827906830e-02,2.840575341538786880e-01,7.439184219750889504e-01,1.222676322500720225e+00,1.608923180345064541e+00,1.487276073901522722e+00,6.578678244713324075e-01,-1.182768287276905472e-01,1.011857476848644494e-01,-4.130719638309049424e-03,1.232497081071165512e-01,2.683048605847553336e-01,2.577638168153321807e+00,1.953995059717168470e+00,-1.261642231370495026e-01,1.284732491444335045e-01,-1.073050435215918141e-01,8.413906672623758243e-02,-9.013059797546291163e-02,-5.408859887349715123e-02,-6.870736422812348532e-02,1.198689881290493364e-01,2.393262926299771776e-01,2.562531689270939883e-01,3.739182647795401548e-01,7.421540644690718391e-01,2.358564154319487127e-01,8.678199066791791871e-03,9.916921552638213733e-02,3.745364895980052289e-01,4.083472990432180927e-01,3.867601194877851034e-01,-1.113885622389045385e-02,6.859165944321237163e-01,1.254332919750097863e+00,1.085981526901210525e+00,2.309574328178973790e-01,3.262558381905544813e-02,2.535689630513121573e-01,3.360244674366453799e-01,6.084382582565823760e-01,1.595849872353576338e+00,1.570531929771519675e+00,6.684525094633617659e-01,3.989332246472582222e-01,8.221117052709508988e-02,5.492721109759328701e-01,1.790616487937894685e-01,2.209203338213535095e-01,8.100114692327292643e-02,-5.007830941019952853e-02,1.775772990302278975e-01,-4.196494698610551966e-02,1.218153411047671608e-01,1.090895909881339332e+00,5.568167922471459752e-01,2.663366968400582291e-02,1.019571059984556438e-01,4.549346421125416429e-02,1.090194476363138820e-01,1.325889866831393982e-01,2.611302481615381255e-01,6.613608245925138573e-02,1.034834605468272495e-01,8.618991757827906830e-02
-2.635075243453499638e-02,2.803795052838309321e-01,8.257692247452701473e-01,2.454765914310916286e-01,-2.334875891089125965e-01,-2.335851220612670809e-01,5.910943539753692466e-01,4.872623568913453940e-01,2.204547850318352986e-01,2.030426333101857383e-01,7.820920188696822706e-02,4.737372137329047828e-01,1.172824827400972048e+00,3.600890769978831729e-01,3.261098873502767392e-01,2.330628680160185817e-01,2.851250315638054200e-02,7.316432526240874978e-02,1.157032472582524729e+00,1.058260734277891135e+00,1.475602417833566660e-01,5.702593495569505122e-02,1.799989981323470434e-01,4.559487295357717018e-01,-4.328586223010488787e-02,5.485464469473353422e-01,1.061748686074586612e+00,3.372244825408955426e-01,2.480911564878441888e-01,8.233581914571364013e-01,4.555998232616669252e-01,3.192917779297803071e-01,1.353622279058756817e-02,2.039311509176023884e-01,6.692799703746490358e-01,6.169955707191558947e-01,1.513439400849923011e-01,9.777488725188376861e-02,1.662333899029743711e-01,4.075400185655106422e-02,1.873331867142755125e-01,3.596975685748834972e-02,-2.806935507129277863e-01,-7.903130075005822264e-02,-1.202477380392995010e-01,1.137776956058353051e+00,1.549016469394115747e+00,6.196391354043747635e-01,-5.135061101624538438e-02,1.790424743222174264e-02,1.503390719864151626e-01,1.185562061020364322e-01,1.312255188762195268e-01,2.110754497555531739e-01,2.848186664568532200e-01,5.947055241346715926e-02,1.555971830126560151e-01,1.784476786567887607e-01,2.438854892439146216e-02,-2.233289338966504278e-02,-6.967869533686665839e-03,5.055097915555664123e-01,5.139269910685875242e-01,2.098040860146294095e-02,-2.635075243453499638e-02
4.174002378118470136e-02,2.548582437557283739e-02,5.553263440521345462e-01,1.192674027787527402e+00,5.127934460146106321e-01,3.238078030973023935e-01,4.887021295563608314e-01,4.449526725399738369e-01,1.271581842071546342e-01,7.882018568348850285e-02,3.485828702600144435e-01,1.094285412166844940e-01,-1.699852689336246447e-01,1.481146356444189016e-01,6.022986041434950089e-01,8.926369398503872232e-02,8.314691774619455134e-02,1.267855991986803488e-01,3.172995825482519128e-01,6.946529187753071044e-01,3.437670544220376989e-01,9.921105510034386454e-02,2.388036052062418035e-01,4.935965015817591617e-01,2.919754181199507581e-01,-1.693768331028112084e-01,-3.056271923845950700e-01,-3.613315191142733862e-02,1.454410474053900448e-01,6.373935978681555259e-01,7.492715700020715630e-01,1.232412484797343666e+00,4.302711281222442730e-01,6.683726329262057453e-02,5.203284984213729647e-01,4.687459988867312966e-01,1.326999795552261385e-01,1.053128155116835607e-01,1.222057633434425750e+00,1.239861027297223028e+00,1.109255583567349268e-01,2.157116785883340659e-01,1.652369523777840743e-01,4.070540544283723916e-01,5.280267278301064016e-01,3.766418949574817931e-01,2.286453702507149632e-01,1.337344862731207895e-01,4.506376547147892264e-01,2.806283062061446509e-01,9.962442980699370843e-02,1.765838727067525760e-02,5.202668750676314735e-02,6.878581002156901603e-01,9.667278776132690599e-01,4.200670472211959217e-01,-4.967079899522278130e-02,6.657491327383510682e-02,1.392034202714959590e-01,5.556218862342082732e-02,7.852789815481896196e-02,2.437060966521508165e-01,1.394186118920706097e-01,-2.014867340665998929e-02,4.174002378118470136e-02
7.326858080308487620e-02,-2.653362339732900921e-03,-7.457993634986304077e-02,-6.726950837454681587e-02,-6.609965413546667334e-02,-1.347765755973851232e-01,2.257967680077216654e-01,6.642466076406150499e-02,9.554105234851369144e-02,6.070708964947358899e-01,7.252245438066164951e-01,2.208306147447038903e-01,1.237591118235485954e-01,2.833508527141855859e-01,-6.878841666150770084e-03,9.561504188568270557e-02,3.070545858365912317e-01,1.591474680173816658e-01,1.643204280332786427e+00,1.532686413974006623e+00,2.590105774582074916e-01,1.088728440947563658e-01,-8.734342717904525211e-02,2.721805064151172071e-01,-1.299747099085897806e-01,1.735423217772244175e+00,1.821675801596388089e+00,3.646630927616139467e-02,3.592765314432243562e-01,-7.499971603037691725e-02,-7.350421903409332103e-02,1.614635673157991391e-01,2.039616236780337488e-01,4.216025502642894995e-02,4.062455318007773819e-01,2.284866246048412597e-01,2.701648107305480995e-01,-8.666074236330267855e-02,3.683109013168851531e-01,1.035384730453103641e+00,4.229408023401716177e-01,-1.586775407771807422e-01,-1.360390621480839224e-02,3.609431014808086591e-01,7.017647320173050485e-01,1.568649237044926981e+00,1.146764339014387346e+00,1.273305327193180236e+00,9.995163923720493671e-01,5.033915304006337799e-01,1.771303729553651840e-01,5.781283372033933082e-02,-9.892083899056916541e-02,1.057419467321443762e-01,6.294926552125760244e-01,2.475754192007685317e-01,4.190026575901316663e-01,3.825450754615520310e-01,3.983154917032000197e-02,5.547896241586747212e-03,6.241680774849367452e-02,8.994902729200143776e-01,1.164972738417585862e+00,3.244937985243575018e-01,7.326858080308487620e-02
3.823934558967210795e-01,2.707623004875755468e-01,9.732546740148440012e-02,3.478279700790709583e-01,4.606419565077025657e-01,1.749808998942691818e-01,2.992701290344176313e-01,8.548318320686995597e-02,-4.026584021523310630e-03,6.021255982505151899e-02,3.669075263586510927e-01,-3.142107947995936845e-03,-2.339763078716518285e-02,-1.461124480410522231e-01,-1.929108578433819804e-02,6.133403226207463366e-01,1.140894798116298459e+00,1.216048785961145740e-01,1.284529154952668950e+00,3.344948843961596197e+00,1.550411656933686100e+00,5.611261028239369897e-02,7.374433064799170712e-01,7.877869942711280826e-01,5.083416826439429714e-02,1.367363269807952530e+00,1.073909798768025503e+00,-4.540470265300705632e-02,2.323405297674158432e-01,1.872010891856992487e-01,4.025122878110372060e-01,1.035381670412767630e+00,3.161049432802652270e-01,5.913480905987955616e-02,1.596192769645032872e-01,2.713111311563677353e-01,1.436894419105163023e-01,5.983804229513557671e-02,1.658901076763145688e-01,-8.417238235955595838e-02,-6.531671614907380574e-02,3.894619259887701634e-01,4.769080755436937435e-01,-3.449906787521556106e-02,-1.351050001965299341e-01,4.662636907922768081e-01,4.966011219053013126e-01,1.418396457758658302e-01,-2.988272864809686513e-02,1.770651347231036454e-01,1.447077613754412795e+00,1.086416283336442579e+00,6.635707054512760550e-01,1.368203386881891692e+00,2.324154933632153863e+00,1.110309266556978480e+00,3.098486394269426292e-01,5.633846741143231363e-01,8.846177041316144463e-01,1.896799919323837458e-01,5.380034950075611722e-01,1.449491939896291548e+00,1.109109764084590832e+00,9.758899924394800474e-01,3.823934558967210795e-01
2.075540236696754581e-01,2.896521291796867459e-01,1.040194811144529163e-01,5.213145793523727978e-01,3.598649865869023579e-01,-8.844698859136217173e-02,1.890780275264401511e-01,1.524827296581546254e-02,4.068329744419660332e-02,1.366823830346424462e-01,7.918097734543860788e-02,1.288676883577230259e-01,1.262853480226262981e+00,1.432469639689884167e+00,3.503084864388992803e-01,2.845401787465764998e-01,1.414266248779168234e-01,3.669942819391594502e-01,1.442651865656522370e-01,-6.839521784781565916e-02,1.405898242526410769e-01,9.716996286428508656e-02,-4.526484575925321385e-02,-2.628215533083657629e-01,-3.959651924286307356e-02,4.345785779613353661e-01,5.786387531369703296e-01,2.619389097720502546e-01,3.054116976707856868e-01,4.122087160973940123e-01,8.328746522820236198e-01,2.013884990127460473e+00,1.462912487223220870e+00,-1.521002895228886626e-02,2.814883620138162734e-01,7.221798341005819521e-01,5.292405574409156932e-01,-6.359824929061111409e-02,1.063502814353305681e-01,2.716351254575607999e-01,9.837253392600202317e-02,2.307088701602033332e-01,-9.393217127718844761e-03,5.584424966216158248e-01,1.444574141726668870e+00,5.896883919718441947e-01,-4.783872466468525042e-02,1.027343274906575288e-01,1.255584350968993734e-01,3.752470733578336382e-01,1.008648930947862787e+00,7.991668410891176189e-01,1.849965834126433784e+00,1.495788536786179401e+00,5.101493402037388103e-01,4.222452647383567736e-01,3.924100596730827339e-01,2.235771119233137816e-01,-8.496602423252012926e-02,-6.762343472607373895e-03,6.938875651813003476e-02,7.490926853294375132e-01,2.340736849346923276e-01,-1.018755230546888879e-01,2.075540236696754581e-01
7.692988347684937001e-01,8.280511500339079456e-01,2.804224567211078822e-01,4.337389684951383773e-01,1.343163442855670187e-01,2.219983311496364076e-01,3.232231582956835436e-01,1.573714785708280051e-01,-1.692040961630225659e-01,9.838536817915205512e-01,1.904835547829705211e+00,1.494795223003249629e-01,1.873644566249737242e-01,1.871764330791219066e-01,4.047369357495614328e-02,6.132365858563902927e-01,8.415853444744637590e-01,-1.611554111872146033e-01,1.014235663920078467e+00,1.569560883625688241e+00,9.237979525419836024e-01,1.329494940092558197e-01,8.459335769192501964e-01,1.327892833350793778e+00,1.420531972529945341e-01,1.300342479796471773e+00,9.986426729909521072e-01,9.820252554905645193e-02,1.949476414101145583e-01,1.202847760295484569e+00,8.401441717397735154e-01,4.509541625240047757e-01,1.447813292290981213e+00,1.882117253332267648e+00,8.450441058945783457e-01,9.206359773195182949e-02,-1.342718845764501179e-02,1.921345256906696053e-01,5.323914419329270897e-01,-6.123965536588992647e-02,-3.623618913942573683e-02,3.942478523569968862e-01,7.292223494215938073e-01,1.294188516179373138e+00,1.447790268062618457e+00,1.535653654488905229e+00,6.983296810787942288e-01,5.876716346042099026e-02,1.807096099467626893e-02,-1.303481743287674410e-01,2.124619100729296939e-01,2.091428282652571524e-01,1.002723430960293927e-01,1.740103373420440191e-01,1.379977467875787567e-01,4.444915717783397557e-01,6.095188617369354800e-01,1.880680719527964839e-01,4.149884666082614970e-01,2.432437333077199504e-01,3.251497841252415366e-01,1.766580193772419594e-01,1.586181989450991536e-01,5.027892455306823827e-01,7.692988347684937001e-01
1.199377820627120783e-01,1.929886071621715882e-01,-1.809740634000643611e-02,-5.221622131580069825e-02,-8.406175421737813180e-02,3.240249227041075430e-02,3.448817485492101098e-01,3.246084006683124246e-01,1.223940787810383624e-01,2.264057546894368000e-01,6.368700382959583406e-01,1.443866572029746664e-01,1.158290814126768264e+00,1.157361030422947135e+00,5.064043041667978251e-01,4.553028458483223684e-01,2.495215047227423710e-01,1.521143043767381187e-01,1.214232995495900802e-02,7.020543968601995477e-01,8.326087177543095574e-01,2.697521738410668668e-02,6.639838908745508972e-01,5.840731457653706160e-01,-1.242411145119645122e-01,9.196020472666874279e-02,5.846650923669199917e-02,1.654978442658640581e-01,3.119823130129520949e-01,7.603361430616853434e-02,1.112036674465941288e-01,8.597270441746984737e-02,3.210871221613987858e-01,1.010984849887815340e+00,1.666552774493625044e+00,1.064981471687095782e+00,5.250158910226028208e-01,1.781731162289472703e-01,6.397237115633511717e-01,1.124409308933268736e+00,3.309512203630498584e-01,4.470959866308180652e-01,6.635545520832855648e-02,-2.370659879901064471e-01,3.648849343555662372e-01,4.264691036915119748e-01,4.710001271635474440e-01,9.347072974306741555e-01,1.130795889142068411e+00,2.985963028257374585e-01,1.462050961275833005e+00,2.977798950104462605e+00,2.702674399941632277e+00,7.301638392426383906e-01,3.269623843914553074e-01,2.561657925533069036e-01,-8.875938010688472213e-02,-1.648759133147618128e-01,6.507896669305683890e-01,8.962235086709540166e-01,4.164414928897564039e-01,4.920143648885817456e-01,4.196820419269687852e-01,1.850080453792631308e-01,1.199377820627120783e-01
4.925366695758852664e-01,2.296568517826353545e-02,1.191936443388934286e-02,1.418438701515792877e-01,1.446440188513154479e-01,3.940325198384456717e-01,1.118833736874804474e+00,2.944427055110896418e-01,9.958210002343981238e-02,3.275557937004336395e-02,-8.237022637380964074e-02,4.178632971433122734e-01,1.279792274310695310e+00,1.759783698563205823e+00,9.768280118539838242e-01,2.511325557033248224e-01,1.668816266486110589e-01,-6.240851873325281574e-02,8.329750990799666965e-02,1.452280087218749127e-01,3.084028188369475343e-01,3.522965766435340873e-01,3.837758103924612807e-01,3.007656466731025713e-01,1.766079879007828590e-01,1.158893082367464522e-01,7.556749456012783195e-02,1.347272898972096122e-01,2.282264368973769386e+00,2.528074139439910883e+00,2.855732279199446610e-01,6.015735489057549845e-02,-3.435611196624499541e-02,-7.763661276696198765e-03,-3.914205407279190974e-01,-1.311060688735246060e-01,3.706727031679379891e-02,1.013572032505925646e+00,9.178030188166359515e-01,4.164806664996465457e-01,1.714242250696068615e-01,-1.063202328453309864e-01,3.366062750894868172e-01,1.410171173504458420e+00,4.362392800647767466e-01,4.753814457301921981e-01,3.599330253371246791e-01,4.801098433258011999e-01,1.447932245194387679e+00,-1.645214057239873795e-01,7.616958714794487550e-02,1.104246561409523153e+00,2.470199504952513614e+00,1.661162170269038452e+00,2.650473978008394127e-02,-5.355682340412978859e-02,2.877828338175013601e-01,7.568268079756516054e-01,5.221164902690739185e-01,4.452720711129259934e-01,1.596771864133128549e-01,9.106413510121469379e-02,2.325350012699966273e-01,3.194165575867679019e-01,4.925366695758852664e-01
7.068445973216699318e-01,5.110288182587309491e-02,4.581856533904410389e-01,1.852942400223157038e-01,-3.308442249079410202e-02,-5.752000222893302595e-02,-1.158725718722490028e-01,4.204084672419569069e-01,8.184619788079146030e-01,1.930583898827649691e-01,1.495923827078813884e-01,6.374192050508992180e-02,2.919977273571346954e-01,3.514888050161308342e-01,1.957871766683857429e-01,-5.278477483089294431e-03,-5.094282195516133815e-02,2.068315418554976803e-01,5.070311877343053331e-02,-9.814348740369038815e-02,3.562451454216741809e-03,4.418008229664378839e-02,5.539240558855137442e-01,6.382184361502182268e-01,4.576063409120038894e-02,-7.719172928689785329e-02,1.991789583256804996e-01,1.263385898881961011e-01,5.572043018850085794e-01,9.926963588992245846e-01,2.490616252651474405e-01,1.113157677848786165e-01,9.985310307689321263e-02,4.726012820740931319e-01,1.556653882070833328e+00,1.302682844272807339e+00,1.660788792410697878e+00,2.574598989634584445e+00,3.483341101391226324e+00,2.417794800744041961e+00,8.158537576212441245e-01,9.051756884442250239e-01,1.566282490909034486e+00,1.073308094862082784e+00,-1.798946578555217224e-01,8.789425156288179775e-01,2.050859666457078845e-01,1.893283591386593634e-01,1.171048643376369214e-01,2.547045192745074349e-01,3.814730989995384625e-01,7.989053382852417950e-02,2.709099726313224377e-02,9.858188224316657422e-01,1.174738991201244254e+00,4.782761731472773836e-01,1.168721774682712489e-01,4.432182627010193277e-01,9.307443460960933557e-01,1.276399404935051551e+00,7.630464457032690717e-01,3.166917640765776198e-02,1.931675336655518382e-01,5.779886054476455204e-01,7.068445973216699318e-01
-4.461267315854919313e-02,-9.301816793068247435e-03,6.044264717436000911e-01,6.044501257650275461e-01,1.482263340445794109e-02,2.435235520171663559e-01,1.593593379241344143e+00,1.809337682300879324e+00,2.038046315465786018e-01,1.485719959847842109e-01,-8.669924164369902098e-02,1.203887143008656846e+00,3.333258438532875623e+00,1.951903844148896949e+00,2.503039812133553976e-01,8.035260569780131035e-02,3.203451009063431609e-01,1.270351783733849604e-01,3.020473938886425458e-02,8.886266457033320521e-02,1.698129090021649468e-02,7.513881695528507043e-02,7.595773876352839016e-02,6.281714778849858405e-01,7.010393590212664616e-01,4.208934590552852462e-01,1.516357461841169596e-01,-3.082529935396018800e-02,-1.460403622791861533e-01,-1.460991273820282654e-01,4.025352587750619104e-02,1.251359954041796341e-01,2.231903766250875054e-01,6.758258491698875270e-01,5.973413620615920516e-01,4.202095081308598323e-01,6.676962626778391030e-01,7.048983398508825715e-01,7.328326877185215027e-01,1.822985630940099577e+00,1.383647207159167891e+00,1.818572910738582848e-01,3.009421956720971236e-01,8.904228092922954474e-01,8.682967557636136480e-01,-1.561717447482446064e-01,3.271474289087200615e-02,1.293997351550085217e-01,3.967814923004452932e-01,-3.153297218268521496e-01,1.139642427663314361e-01,8.601980023350263016e-01,7.564480374582580602e-01,7.150353532103520537e-02,1.580434335251749145e-01,1.458805784030984820e-01,6.374794035896409472e-01,5.613392944691663056e-01,4.764285942142233998e-01,4.489144218413247955e-01,1.997543557770919964e-02,1.527361469359552748e-01,3.066557148717578563e-01,-6.459180576807957430e-03,-4.461267315854919313e-02
7.534555534381391639e-02,-6.059520120193784276e-03,-1.845197127360662659e-01,-2.771312271365667934e-01,-1.240840565395406186e-02,8.916724938370679254e-02,1.535422579380809172e+00,1.558432780240366800e+00,4.633217574743496714e-01,8.022001000235731705e-02,-1.723999988669799865e-02,3.751914446408508019e-01,5.718192173432561365e-01,5.802950248516958176e-03,2.131715626125988416e-01,4.951815986783266732e-01,-3.505452965754043970e-02,3.027252614686585241e-01,3.323202884724785200e-01,1.304418934765014804e-01,2.400391834404502767e-02,3.874874315236076505e-02,4.881735305520643053e-01,7.746504805444980324e-01,5.255936699796732725e-01,2.463258941229254928e-01,1.742504748052792207e-02,5.627467395394232241e-01,9.707485199263834463e-01,3.684788987727410925e-01,1.043980872477813238e-01,6.029321150707992460e-01,9.727145716499383532e-01,3.898628752844344181e-01,4.344090204711989478e-01,1.916917307973133866e-01,-2.807454083685517049e-02,2.236308392931997124e-01,1.533670590253898847e-01,-4.365902943708706296e-02,1.443219416698243163e-01,1.361665359335323400e+00,1.506066210777883274e+00,1.882509530087839833e+00,1.012817525443072908e+00,1.324666258496972893e-01,9.847525611112431521e-02,2.089186331401143848e-02,1.278101308003463388e-01,1.322764897368280401e+00,1.756539993222160589e+00,5.182415101032691318e-01,2.287023299726531067e-01,4.270426512196479063e-01,5.593110647600829655e-01,7.884088699646708553e-01,9.621846113951206814e-01,6.199979680339311461e-01,8.708985853758506313e-01,5.956989657588530607e-01,1.978122676261792334e-01,9.032255043309937725e-02,7.312929046826426548e-03,-9.661430407501031548e-03,7.534555534381391639e-02
-4.996320923099803468e-02,6.688598119964925259e-02,4.597057499571631789e-01,7.535895905420917362e-01,2.649990052680988306e-01,9.162423857656354365e-02,1.427522151356821201e-01,4.213932056559693273e-01,2.180773286330491834e-01,9.230392688707660109e-02,-4.155530505936697039e-02,1.140120607797776020e-01,3.329274427679496107e-01,5.131072510108449780e-01,5.282989825185426813e-01,6.788835541463968948e-01,3.271033470638979868e-01,9.351009711583257999e-02,4.319782439403391239e-01,2.355194315186488474e-01,1.504739659660328521e-01,4.059558460277538916e-02,-9.314673844453391638e-03,3.989880654739197396e-01,4.613753557907347425e-01,1.562699764995542639e-01,-5.339450102993567593e-02,-2.687921977954435548e-02,3.586098182415781155e-01,5.424570523923963883e-01,-8.059225595995955782e-02,5.431753072498365364e-01,3.015209365701996269e-01,4.510051535060347616e-01,1.197167526446957231e+00,2.355167518803202853e-01,1.027026733228898481e-01,3.435372005768754233e-01,1.244815985035685246e+00,1.562700556504114102e+00,2.045405527808615176e+00,1.779031806215350064e+00,8.467542206240780134e-01,1.682167541991411164e-01,-4.563979802680306896e-03,-1.101918776050060667e-02,4.607624392470405228e-02,8.899570656215358144e-02,3.290168884347999256e-02,6.524464222829251536e-01,9.820698742190829833e-01,2.532096129883616431e-01,-6.453106272035941116e-02,1.299183117521196529e-01,8.150716067208968463e-02,-1.414419232292561945e-01,1.548843589856177538e-01,4.359586030077695629e-01,9.097580119187824721e-01,3.285096544182349865e-01,-3.681153000481499071e-02,-4.480980918286127379e-02,1.574659992038935363e-01,1.512199447014280218e-01,-4.996320923099803468e-02
6.092971849748707314e-02,8.629939642383094300e-03,1.810432256736796697e-01,6.014799553112233355e-01,4.522785170605964078e-01,2.773606823212442229e-01,8.853098417031521894e-01,6.379391778328145080e-01,2.219284165725123881e-01,3.256131215716284721e-02,-3.891057003680128967e-03,8.563822850617715254e-02,9.158088403666686528e-02,5.611927274557479417e-02,1.773891374403078203e-01,-2.002303121256776564e-02,6.715040074882328014e-03,1.010917628384425671e+00,3.861932369784528141e-01,-7.091077627121475380e-02,4.908472143762609985e-03,4.745355964282599315e-02,2.193027558101339758e-01,4.639862684763593759e-01,5.139723964869827855e-01,1.466049835173379723e-01,5.496752409357785751e-01,9.824816363733346325e-01,3.755644611610666206e-01,3.412441509967656383e-02,1.290916205648099946e-01,8.694555482996527140e-02,2.053789120499474596e-01,1.480272796298256033e+00,1.252956253548591192e+00,9.658020635761743744e-01,1.118686109447915022e+00,2.618938088148019538e-01,1.303598762669265498e-02,3.653060372961191571e-01,5.685491147441141813e-01,5.182452743353263558e-02,-3.183216876679931251e-02,1.137119633735569346e-01,4.394583353968550266e-01,9.529646056934646392e-01,8.496023612537390024e-02,6.572111804249497480e-02,5.014143071890411196e-01,1.674190173616957544e+00,1.457428456567959607e+00,2.035921544968909702e-01,1.015383257356581304e-01,6.385191810708965576e-01,1.499660652245302650e+00,1.294376869915890849e+00,8.922003077047457875e-01,9.873969298977114395e-01,1.288268408180365698e+00,4.476620182631697586e-01,6.422063085555074213e-02,1.970086383756142479e-01,3.295731416655174328e-01,1.831214572630564530e-01,6.092971849748707314e-02
8.682016364724712276e-02,7.526868218235931163e-02,6.103103876492984581e-01,7.404166977436899000e-01,1.078734989513633613e-01,2.392506322751236647e-02,1.253863594275455240e+00,2.666834099592289231e+00,1.350695252974557059e+00,2.820774382719086759e-01,4.820989333193886894e-02,2.898346548334830297e-01,2.379353029031522626e-01,2.095864014011227239e-01,1.097433729095077748e+00,2.197131142971792794e+00,9.297375394942012372e-01,8.075982553468425973e-01,7.315848909880297013e-01,1.081913383365946668e-01,2.168918311441568880e-01,8.420381211135780086e-03,5.552898121939791043e-01,6.352076484838943271e-01,4.165224673717893289e-02,-3.493070651799795590e-02,1.062275395705334913e-01,2.500163006959210676e-01,4.068002047532274790e-01,5.242597521543701511e-02,2.373457580278852397e-02,5.658841666384629709e-01,1.371101978445365965e+00,5.239268310816298513e-01,1.244920510907084887e-01,2.638374914332816124e-01,3.205095407053130674e-01,8.358475269066544255e-01,2.002073762501257459e-01,7.428645621003353572e-01,2.429587625198355305e-01,1.098125536033145444e-01,-3.720969307268437443e-03,-6.735887482394425918e-02,4.207422454192372152e-02,1.332874840474694844e+00,1.506720217307843113e+00,1.058881810283522490e-01,4.069970857466190806e-01,2.081908471842423225e+00,1.596124140452422902e+00,-4.554663846025874818e-02,4.036861767609351004e-02,2.572936336312503514e-02,4.439873385276096318e-01,4.476554135699353232e-01,1.284449433467181600e-01,1.887004580562782474e-01,-5.396124526385785714e-02,-5.578665552050868226e-02,2.488653898397872877e-01,8.137936371233175925e-02,1.978496605682746323e-01,9.740844744631797780e-02,8.682016364724712276e-02
5.056173649187238606e-02,1.675764588272902755e-01,1.721428588337802879e+00,2.263308367995565451e+00,6.681340926654238954e-01,3.543656685460345734e-01,9.864875620330271211e-01,9.502735987032225884e-01,3.117769656566336534e-01,3.181747445171065336e-01,-7.851646735496893570e-02,1.931994594519335084e-01,3.337017195739763187e-01,1.604235034521141190e-01,-3.006112110983116814e-02,1.040063489196506152e+00,2.220095258031406615e+00,1.824692396095174418e+00,6.589490274356514243e-01,1.371163683517023779e-01,8.071495670577362447e-02,1.742704634402386099e-01,1.450235202547611735e-01,1.175213115539986530e+00,5.158733540887593394e-01,6.010110990451954516e-01,2.230990131981445579e+00,1.201271521463123770e+00,8.754512735764596876e-02,-3.164267880331195215e-04,5.688736529636775341e-01,1.819847193443137279e+00,1.040235536975459452e+00,7.420105827387718511e-02,1.092801242950646623e+00,1.173396690095170225e+00,4.064574653080645916e-01,1.593917620219893749e-02,1.111242144684843614e-01,2.719762549525248096e-01,5.179660805595520667e-01,-1.288860200612504392e-02,7.014896866790386321e-02,1.332607003739201268e-01,6.410751946043552474e-02,-2.530248464531084651e-02,1.068882617217707498e+00,1.266026506579389421e+00,1.175496076626884046e-01,1.082054658970947325e-01,3.603971086069361340e-01,2.871496648888520742e-01,1.571978183015862174e-01,4.553224431797696092e-01,1.513882295675499146e+00,1.245883666575187121e+00,9.174440337217575347e-01,1.059759413078816381e+00,9.042737569434943223e-01,2.620202401510126622e-01,2.699494670533050256e-01,6.431121144130913514e-02,1.567785253835104475e-01,1.283980172363944350e-01,5.056173649187238606e-02
-2.133954317914299459e-03,1.359390624441378370e-01,1.770981829375098404e-01,8.721660643109737654e-01,1.675525204931913370e+00,1.540414761203748428e+00,1.170352155733446198e+00,6.398608600870040464e-01,2.268383379774230324e-01,-8.058566716879958514e-02,4.672583124063509064e-02,1.245161114973941385e-01,2.907561317680432689e-01,1.565417137966262917e-02,8.170032190626322355e-02,-9.306805763648468011e-02,3.458488031745087232e-01,1.145562308625363013e+00,6.721622697419761261e-01,5.422223056935802088e-01,8.654198752542454631e-01,2.133864742140409165e-01,2.486422295323975629e-03,-3.959042409362829862e-02,-7.406045378678484392e-02,6.469332696850629283e-01,1.588464223077884707e+00,1.196209846332195736e+00,2.702996811558405765e-01,6.341727293897136963e-02,1.936146332875447740e-01,2.286803287011933694e-01,7.862898423448130836e-03,1.597875022393688282e-02,2.934756604797530422e-01,4.845610694451173983e-01,7.795580212411616916e-01,4.493449982228852058e-01,3.173061722390033701e-01,5.723313177844112642e-01,5.068028546596672901e-02,1.068681818176204223e-01,3.801076091875235652e-02,1.206308911953295482e-01,-2.212827380863898602e-02,4.068392498350986708e-01,6.556606814698116847e-02,7.019307408181673091e-01,1.186795428396693275e+00,8.027485165202450368e-01,1.919992719286664762e-01,1.165216614028161679e-01,1.790010499077022976e-01,-3.706211381851029496e-02,6.032478210276139841e-01,1.011057552112351932e+00,3.144696148247727585e-01,1.345794762564800351e-02,8.235540744058211793e-02,1.249466148451773562e-02,-1.318812921693229556e-01,5.023727863254306980e-02,3.391243784063311950e-01,1.986533729911538759e-01,-2.133954317914299459e-03
3.400169950845990940e-02,3.915443615586661902e-02,7.635788577752704309e-03,2.876556526774868838e-01,1.659148303025307136e+00,1.247863996722382574e+00,2.817716685477881788e-01,5.726630869022119041e-01,1.143804387704894232e+00,1.131664759710568680e+00,6.847234513896634234e-02,4.068806979058534612e-01,8.324938881199552831e-01,1.271274537236338209e-01,-5.385130077404887139e-02,1.737434918624465308e-01,2.340223405226681819e-01,8.203870005257105635e-01,1.899610047862033468e+00,1.939687286861378812e+00,8.971658952812759935e-01,-3.062076405655958511e-02,3.134639944661198330e-01,5.429621512820534956e-01,1.723872553741951363e-01,2.545302285493242916e-02,-1.742521916236229873e-01,-7.878177474592176766e-02,9.240952009659476885e-02,1.922301942986942846e-01,8.331649910896449240e-01,1.054399928803758879e+00,6.954146087813651844e-01,3.140487845035365155e-01,5.961980033941232104e-01,4.503620284004755114e-01,8.439602883998049976e-02,2.490540898361670585e-01,-1.463493346311382226e-01,3.466101819533093931e-01,4.074299716459673926e-01,-1.283125545414343094e-02,8.212980706658698504e-02,1.340167456710756322e-01,1.366829400637158409e-01,8.927689938837054529e-01,9.641927124100438951e-01,-2.030562304125205220e-02,1.431371332307362909e-01,9.844342573752625780e-01,1.016923208303288195e+00,1.762582288890062188e-01,3.130847975178316367e-02,9.257357752729308831e-02,1.020848960971004471e-01,-6.149527560073519972e-02,4.141666181003036962e-02,1.472247278795530412e-01,1.201557571648090017e-01,2.503618259399370549e-01,4.055863943618300271e-01,2.518729876412082458e-01,3.352643583045672449e-01,2.608478216667500793e-01,3.400169950845990940e-02
7.486870506199386210e-02,4.326813207550525564e-01,3.076778226068930255e-01,1.127080504318468956e-01,1.665946499644866963e-01,1.452551446799999757e-01,-4.800748916442601488e-02,2.035154010086285270e-01,4.570714410175215625e-01,2.114246261184441700e+00,1.843671883008217272e+00,4.864308271361506009e-01,-6.055095273022370606e-02,-3.829508491000688242e-02,1.332315152848064788e-01,9.418781532787767752e-02,7.359702273408233464e-02,1.267724902456039415e-01,5.986127710580020356e-01,5.455047015585765546e-01,2.766688238034214486e-01,1.285111214537828783e-01,-3.618555914261339934e-02,2.107367701228510803e-01,3.148178981274025179e-01,8.857915831711152821e-01,1.304565483832890394e+00,1.146053688754171684e+00,1.392137159805479918e-01,1.851127384276692878e-01,5.342075857350575552e-01,2.264351243681764103e+00,2.312301709655598891e+00,1.162523702848177853e+00,1.100750861065297848e+00,2.173762655875436656e-01,1.566273337911233687e-03,2.551276831531540390e-01,7.457604322122877161e-01,1.185823532121523805e-01,1.304545450449350885e-01,1.318829913079506699e-01,1.237898826640576738e-01,2.510078517675447540e-01,8.687047758468453840e-02,2.663481818766530118e+00,3.787844909456719478e+00,2.001252872426057206e+00,4.474757752287020773e-01,5.806042295006369480e-02,5.062189625590528541e-01,9.599321672274516160e-02,1.825980720468337870e-01,1.197730839351028309e-01,-2.334804490853873704e-01,-8.945891007951577156e-02,1.984490765767843445e-03,-5.262454259687465719e-02,4.668715031538578364e-02,2.882361864952457942e-01,2.258078294510118544e-01,2.107512927698522720e-01,7.810663262762308490e-01,4.681652820287743322e-01,7.486870506199386210e-02
1.091454193541895393e-02,4.229563734585858881e-01,6.412793109628056598e-01,1.339587258547156878e+00,1.817940916664581463e+00,1.134313232203328248e+00,4.493907938379604894e-01,5.662540005042637770e-01,3.140560632059897772e-01,-1.876776192719481484e-01,7.070385417885050039e-02,4.904440209506138459e-01,3.983987125680484853e-01,1.524764428138295491e-01,-2.025798652446506726e-02,1.604094882355031615e-01,3.800369320584764399e-01,3.161314399321076829e-01,-2.381258664812413439e-02,5.411488026103162818e-01,5.087232363319704742e-01,-3.634963730710980001e-02,3.923890290968627959e-01,1.135958658971398805e+00,1.645232623797194593e+00,8.632139406996895969e-01,7.683125933739582969e-01,4.362482696437174345e-01,-6.919807737997496488e-03,2.802301096105059841e-01,-1.864052424819238885e-01,4.247180738998834748e-02,2.553688401537965724e-01,4.966844842090690770e-01,2.884052585638166022e-01,1.527345753455885968e-01,1.711023812023059198e-01,1.075303093260521758e-01,7.024502391586190386e-01,8.691657810912806204e-02,4.020846156666482707e-02,2.036115397467601618e-01,1.149131872351944139e+00,9.010940944070355840e-01,7.830962405574475038e-02,9.085195666934497982e-01,2.131438392776329405e+00,9.863163935416420225e-01,5.325153362018636427e-01,3.338066206988553608e-01,2.586802117330248008e-01,3.472751311561190352e-02,1.865647864875654427e-01,1.930815590476518684e-01,1.308053470446913780e+00,1.058413041692604528e+00,9.438003868833455545e-02,7.554818053954626134e-02,1.168359710183957123e-01,-2.677461511589589171e-02,4.463176297745060084e-01,6.690538034814822455e-01,1.973864509076096729e-01,1.551021780510551118e-01,1.091454193541895393e-02
9.381968592327261103e-02,-5.157737268044226830e-02,3.010597036570907825e-01,1.013602898378861639e+00,2.315951857985131923e+00,1.614428435414849705e+00,-7.002161508759663366e-02,-2.633944190402304208e-03,5.770617572305899445e-01,2.331262385632425715e+00,1.470123435450516158e+00,6.328052112327070544e-02,6.985045972858970609e-02,-5.438370370645316532e-02,1.482008842534498494e-01,3.785981954315609244e-02,1.594409157307863922e-01,-1.988462534924667624e-02,3.462239076736280396e-01,6.595381884835138653e-01,1.448948477563056780e-01,3.519353351040027666e-01,1.700979930055203093e-01,1.186610816788498668e-01,1.039158536002249278e-01,1.588209639201275669e-01,2.250736071494058299e-01,5.749524695408815556e-02,2.964101036833982628e-02,4.027339501279064704e-01,4.998900865801779170e-01,1.506830021997404012e-01,1.392655544470317031e-02,8.530545789879950824e-02,2.012002067323988008e-01,9.861748814592556922e-01,6.433074464001309334e-01,9.224780051722527574e-01,1.105377003186713836e+00,6.069587685553475831e-01,3.406153213448526174e-02,6.234723268805238972e-01,7.005939651975844340e-01,2.257149254902962587e-02,2.676581070913439109e-01,2.729634453869437261e-01,1.047844999177098141e-01,8.823414382667618683e-02,2.852847698120491993e-02,-2.945857022015058169e-02,7.756832220277048995e-02,5.582862981807924785e-02,2.114651267804484869e-02,1.442116539360293270e+00,3.721298497511311254e+00,1.953197114465636819e+00,1.919974180339186209e-01,-6.345700950150612307e-02,7.502647035461251779e-02,1.437103611324445640e-01,6.151257124037476931e-01,5.786056573944236003e-01,4.077141375611799123e-01,4.068126855335129632e-01,9.381968592327261103e-02
1.205731182385051392e-01,1.109314372580966435e+00,7.921302791402362597e-01,3.977712663921725844e-01,4.024878683029281534e-01,1.387361425483983890e-01,8.913656699875028844e-01,8.984451508847700607e-01,3.210895042851114045e-02,1.090269403740499854e+00,1.496167171108123917e+00,4.586277847676054620e-01,2.425192301528027727e-01,2.189431147231848673e-01,1.947997475877347173e-01,7.817464760355234965e-01,4.729795295922560316e-01,1.855967968299381682e-02,1.301234437989610693e-01,2.552516437015056594e-02,4.987568332740550114e-01,2.160985401773821424e-01,-1.669565542279240200e-02,4.958271966383847040e-01,9.167082395425707464e-01,3.067923912879537141e-01,2.257404133698180659e-02,3.091053079533754300e-01,1.191927981411259774e+00,1.629678829140335461e+00,8.209247154110043132e-01,-3.584010578625260873e-02,1.325343389617641698e-01,1.023382072496649697e-01,3.814696207662543470e-01,4.516389195411273372e-01,4.391345611624437040e-01,7.922791731331191301e-01,1.140907782306497031e+00,2.392013256687364198e-01,8.341758806122766268e-02,3.410375338769232600e-01,1.098294507329094505e-01,4.221427939460195566e-01,9.913474022477553049e-02,7.053861116809549969e-01,1.599748445688547349e+00,9.847620765080449257e-01,5.467950869276269055e-01,6.013644703383700385e-01,3.169858243280390120e-01,4.281602641367227013e-02,4.113062823544183511e-01,6.209929250471267759e-01,2.657912059346880240e-01,-1.760609567294916245e-01,1.806226573286795478e-01,2.582781605751207077e-01,1.081707148077570846e-01,-8.091343260050631869e-02,1.180881940204991709e+00,1.356570655355090471e+00,8.366535474036625175e-02,7.893318682814915999e-01,1.205731182385051392e-01
1.141344171249309564e-01,1.410148216564905521e+00,1.573560903512789988e+00,9.469646483759702749e-01,5.569483928312850551e-01,1.320311600349103331e+00,1.164354447395256731e+00,3.184329408752508139e-01,2.759262074243818974e-01,8.161240756313536959e-02,-2.582885854429812778e-01,4.069714103622566470e-01,9.242523871667538415e-01,1.549327623494553274e-01,1.711633571118056363e-01,2.436190007395493962e-01,-4.501954022793831778e-02,1.036333727613136801e-03,-5.814291159428797151e-02,1.873685769372224474e-01,3.101955626432922886e-04,-1.226280286817614876e-02,4.672823495587093839e-02,5.180447058274642025e-01,8.282515445616824845e-01,2.334889354481347601e-01,5.634389953424712161e-02,5.355689863112443883e-01,6.213315242226220558e-01,2.735141620535899154e-01,2.568174336709766470e-01,1.460098247427398244e-01,1.901206792354450115e-01,1.554526971853107953e-01,-8.528047339767697022e-02,4.125745920815521162e-03,3.863494700687639116e-02,9.756132701897415882e-02,-5.273317084987889924e-02,9.592142323284692518e-01,1.198424996735922843e+00,1.943963355068616949e-01,-9.926423155696770251e-02,4.120753937131016453e-01,3.153032388747770143e-01,1.314634655775602234e-01,2.406152303487660016e-01,-9.724693942021828130e-02,1.584401653342297767e-01,1.198514019163371136e-01,-2.269954346887953500e-02,7.096765769299681059e-01,7.281989061544680286e-01,-1.470557223823436288e-02,1.227505101392503573e+00,5.781700175704599376e-01,5.095628804230545317e-02,3.646776643578872878e-01,7.982196888123438416e-01,1.105440802614146567e-02,1.516677133004646238e+00,1.244024334562375156e+00,-1.352475636087065447e-01,1.620265213149338357e-01,1.141344171249309564e-01
1.537090630946219560e-01,6.249968289105867214e-02,-1.591911412791833791e-01,9.668748563805432128e-02,1.951399036395729536e-01,1.302979114226401336e-01,-9.716715079053606097e-02,-2.138313892296161978e-02,-4.876890621358243028e-02,3.233192038691410364e-01,3.589673430111273156e-01,1.465582498528328337e-01,4.928531854038536442e-01,1.312708020316098456e-01,6.277686623593181636e-02,5.081866445180946990e-01,7.474050572865571507e-01,6.300439866989260285e-01,3.870040998890079686e-01,-8.846890382735728142e-04,4.580788943914054084e-02,2.632528712458970244e-02,-3.591391661493525955e-02,1.793824736847239310e-01,2.723082163884139040e-01,1.862789610113544381e-01,5.411329445289436713e-02,3.279105236355946973e-01,9.741497328394943533e-01,1.205831553897324326e+00,6.565268987954823166e-01,5.758531479704614986e-02,-4.861125478237668385e-02,-3.593064386932293131e-02,1.811803086585149491e-01,8.301391200046498442e-02,3.308023057810236534e-01,5.758126312006588421e-01,6.055598054476356573e-01,7.888240442965341881e-01,5.917946771523823202e-01,2.865190837978243144e-02,7.010272074403657294e-01,3.163702729599108254e-01,-1.114999650164133216e-01,-1.591012002038595663e-02,1.216089594385478811e-01,2.747893553054597815e-01,1.730818527807857776e-01,1.648185362124084286e+00,2.957786337547896771e+00,2.390657355204140799e+00,2.540602436678655041e-01,6.233424181818706389e-01,8.334885640883107349e-01,-1.434449345280490729e-01,1.541141933112155638e-02,4.195027231550252367e-02,7.070905291617792798e-01,2.486376627894970603e-01,-3.032984772413956365e-01,-2.313365604486770088e-01,1.188872234561245411e-01,8.386623242847567744e-03,1.537090630946219560e-01
